target,driver_citations,oncogene_citations,tumor_suppressor_citations,all_citations,No_driver,role
MYC,642,2014,6,2662,2020,ONC
EGFR,397,1308,7,1712,1315,ONC
RET,35,1250,6,1291,1256,ONC
ABL1,90,1015,1,1106,1016,ONC
TP53,127,162,803,1092,965,TSG
BRAF,250,758,2,1010,760,ONC
ERBB2,173,709,2,884,711,ONC
KRAS,124,708,2,834,710,ONC
KIT,111,522,1,634,523,ONC
PTEN,117,31,463,611,494,TSG
MYCN,119,446,6,571,452,ONC
RB1,5,10,470,485,480,TSG
WT1,0,56,425,481,481,TSG
NRAS,99,286,1,386,287,ONC
ALK,123,236,1,360,237,ONC
CDKN2A,21,67,238,326,305,TSG
MET,13,247,2,262,249,ONC
FOS,2,258,0,260,258,ONC
BRCA1,13,4,218,235,222,TSG
APC,32,12,177,221,189,TSG
BCL2,10,197,6,213,203,ONC
CCND1,10,187,1,198,188,ONC
VHL,4,47,144,195,191,TSG
YAP1,21,149,21,191,170,ONC
AKT1,58,116,6,180,122,ONC
NOTCH1,38,95,41,174,136,ONC/TSG
MYB,7,156,2,165,158,ONC
EWSR1,17,140,2,159,142,ONC
RUNX3,0,18,138,156,156,TSG
CDH1,10,44,97,151,141,ONC/TSG
PIK3CA,53,91,2,146,93,ONC
KLF4,0,44,100,144,144,ONC/TSG
HRAS,19,118,0,137,118,ONC
STAT3,14,103,13,130,116,ONC
ROS1,25,97,2,124,99,ONC
EZH2,19,80,24,123,104,ONC
BCR,23,96,3,122,99,ONC
GLI1,5,114,1,120,115,ONC
SHH,80,35,0,115,35,ONC
SRC,10,104,1,115,105,ONC
JUN,2,107,0,109,107,ONC
BCL6,1,85,1,87,86,ONC
STK11,15,9,63,87,72,TSG
RASSF1,0,2,83,85,85,TSG
CTNNB1,6,77,0,83,77,ONC
PML,3,39,41,83,80,ONC/TSG
NF1,23,9,49,81,58,TSG
PDGFRA,39,38,0,77,38,ONC
SOX2,2,70,4,76,74,ONC
HGF,10,64,0,74,64,ONC
MARK2,0,73,0,73,73,ONC
MITF,12,58,2,72,60,ONC
SMAD4,3,9,60,72,69,TSG
MEN1,1,18,52,71,70,ONC/TSG
LMO2,4,64,0,68,64,ONC
MTDH,2,65,1,68,66,ONC
CDKN1A,0,34,32,66,66,ONC/TSG
MDM2,1,63,2,66,65,ONC
TAZ,11,54,1,66,55,ONC
ERG,10,54,0,64,54,ONC
RUNX1,4,31,28,63,59,ONC/TSG
BRCA2,2,2,58,62,60,TSG
EGF,12,50,0,62,50,ONC
FOXM1,5,53,4,62,57,ONC
CD274,4,57,0,61,57,ONC
CADM1,0,1,57,58,58,TSG
MTOR,12,41,3,56,44,ONC
PDGFB,28,26,2,56,28,ONC
NTRK1,4,49,2,55,51,ONC
AR,38,12,4,54,16,ONC
VEGFA,19,30,4,53,34,ONC
NF2,5,6,39,50,45,TSG
NFKB1,0,47,2,49,49,ONC
SYK,5,12,32,49,44,ONC/TSG
TERT,5,43,1,49,44,ONC
FHIT,0,20,27,47,47,ONC/TSG
PTTG1,0,47,0,47,47,ONC
CSF1R,1,45,0,46,45,ONC
TAL1,6,40,0,46,40,ONC
ARID1A,6,8,31,45,39,TSG
WWOX,1,3,41,45,44,TSG
BAP1,5,0,39,44,39,TSG
FOXP1,0,32,12,44,44,ONC/TSG
KLF6,0,1,43,44,44,TSG
CDK16,0,43,0,43,43,ONC
PTCH1,6,20,17,43,37,ONC/TSG
TCL1A,4,38,1,43,39,ONC
FOXO1,1,12,29,42,41,ONC/TSG
PTGS2,7,32,3,42,35,ONC
FGFR1,12,29,0,41,29,ONC
MAF,0,39,2,41,41,ONC
PTGDR,2,32,7,41,39,ONC
CBL,3,34,3,40,37,ONC
PTPN11,5,27,8,40,35,ONC
SLC3A2,2,38,0,40,38,ONC
CDKN1B,0,11,28,39,39,ONC/TSG
PI3,14,25,0,39,25,ONC
WNT5A,8,15,16,39,31,ONC/TSG
CDK8,1,36,1,38,37,ONC
MAPK1,8,29,1,38,30,ONC
TWSG1,0,3,35,38,38,TSG
BCL2L1,1,36,0,37,36,ONC
DLC1,0,1,36,37,37,TSG
ETS1,0,36,1,37,37,ONC
RAF1,0,37,0,37,37,ONC
RARA,6,25,6,37,31,ONC
SMARCB1,3,6,28,37,34,TSG
SOX4,2,27,8,37,35,ONC
FBXW7,3,8,25,36,33,TSG
NDRG2,0,3,33,36,36,TSG
TNFAIP3,0,10,26,36,36,ONC/TSG
EGR1,0,17,18,35,35,ONC/TSG
FGFR3,4,31,0,35,31,ONC
FOXP3,2,6,26,34,32,TSG
IL6,11,21,2,34,23,ONC
PDCD4,0,19,15,34,34,ONC/TSG
SIRT1,0,19,15,34,34,ONC/TSG
E2F1,5,15,13,33,28,ONC/TSG
JAK2,8,25,0,33,25,ONC
SERPINB5,0,1,32,33,33,TSG
SETD2,3,2,28,33,30,TSG
SKP2,1,31,1,33,32,ONC
NPM1,5,25,2,32,27,ONC
RBMS3,0,24,8,32,32,ONC
SIRT6,2,15,15,32,30,ONC/TSG
MLLT3,22,9,0,31,9,ONC
NFIB,7,18,6,31,24,ONC
NKX3-1,0,2,29,31,31,TSG
IDH1,12,11,7,30,18,ONC/TSG
MAPK8,1,24,5,30,29,ONC
AXL,4,22,3,29,25,ONC
DEK,0,29,0,29,29,ONC
FOXO3,2,6,21,29,27,TSG
ID4,2,13,14,29,27,ONC/TSG
MAP2K7,7,20,2,29,22,ONC
NKX2-1,0,28,1,29,29,ONC
UCHL1,0,20,9,29,29,ONC/TSG
ATM,7,8,13,28,21,ONC/TSG
KLF5,0,14,14,28,28,ONC/TSG
SPOP,7,5,16,28,21,TSG
TUSC3,0,10,18,28,28,ONC/TSG
ZEB1,11,13,4,28,17,ONC
CDK4,2,17,8,27,25,ONC/TSG
CDKN2B,0,4,23,27,27,TSG
HMGA2,3,23,1,27,24,ONC
PAX6,0,6,21,27,27,TSG
PRRT2,1,20,6,27,26,ONC
REL,3,24,0,27,24,ONC
SETDB1,2,25,0,27,25,ONC
SOX9,4,17,6,27,23,ONC/TSG
YBX1,2,25,0,27,25,ONC
CHD5,0,0,26,26,26,TSG
CRNDE,0,26,0,26,26,ONC
FHL2,0,14,12,26,26,ONC/TSG
HPGD,0,1,25,26,26,TSG
KDM6A,6,5,15,26,20,TSG
KL,0,2,24,26,26,TSG
PTPRD,0,1,25,26,26,TSG
TCF3,1,12,13,26,25,ONC/TSG
TET1,1,9,16,26,25,ONC/TSG
ZBTB7A,0,17,9,26,26,ONC/TSG
AURKA,1,22,2,25,24,ONC
DDX3X,2,15,8,25,23,ONC/TSG
ERBB3,9,16,0,25,16,ONC
INS,7,17,1,25,18,ONC
METTL3,0,18,7,25,25,ONC/TSG
NCOA3,3,22,0,25,22,ONC
OTX2,2,23,0,25,23,ONC
RAB25,1,8,16,25,24,ONC/TSG
SPARC,2,6,17,25,23,ONC/TSG
CDX2,1,8,15,24,23,ONC/TSG
FTO,0,23,1,24,24,ONC
IRF4,1,22,1,24,23,ONC
LOX,2,9,13,24,22,ONC/TSG
MUC1,0,24,0,24,24,ONC
STAT1,0,3,21,24,24,TSG
TET2,3,3,18,24,21,TSG
ZNF703,1,23,0,24,23,ONC
ESR2,1,19,3,23,22,ONC
ETV6,3,17,3,23,20,ONC
FASN,1,22,0,23,22,ONC
IRF8,0,5,18,23,23,TSG
PCNA,0,22,1,23,23,ONC
PTPN12,0,6,17,23,23,ONC/TSG
TP63,3,17,3,23,20,ONC
WNT1,5,18,0,23,18,ONC
DCC,0,0,22,22,22,TSG
EPHA2,2,19,1,22,20,ONC
FOXA1,4,16,2,22,18,ONC
INPP4B,0,9,13,22,22,ONC/TSG
TFF1,0,7,15,22,22,ONC/TSG
TLX1,3,18,1,22,19,ONC
ATF3,0,14,7,21,21,ONC/TSG
GNAQ,9,12,0,21,12,ONC
HMGA1,4,16,1,21,17,ONC
LMO1,0,21,0,21,21,ONC
PIM1,1,20,0,21,20,ONC
TCF21,0,0,21,21,21,TSG
AKT2,4,12,4,20,16,ONC
ATF2,1,16,3,20,19,ONC
CDKN2C,0,2,18,20,20,TSG
CDKN3,0,17,3,20,20,ONC
DIRAS3,0,0,20,20,20,TSG
EML4,1,19,0,20,19,ONC
ESR1,8,7,5,20,12,ONC/TSG
FLCN,0,3,17,20,20,TSG
FLI1,3,16,1,20,17,ONC
FUS,2,17,1,20,18,ONC
GFAP,4,11,5,20,16,ONC/TSG
MST1R,3,17,0,20,17,ONC
NTN1,1,17,2,20,19,ONC
QKI,1,0,19,20,19,TSG
SIRT3,0,2,18,20,20,TSG
SOCS1,0,5,15,20,20,TSG
TFCP2,0,18,2,20,20,ONC
AHR,3,9,7,19,16,ONC/TSG
CAV1,0,4,15,19,19,TSG
CBX7,0,9,10,19,19,ONC/TSG
CDC73,0,1,18,19,19,TSG
EIF4E,2,15,2,19,17,ONC
EPHA7,1,2,16,19,18,TSG
FGFR2,5,12,2,19,14,ONC
GNAS,0,17,2,19,19,ONC
HOXA9,2,14,3,19,17,ONC
IKZF1,1,6,12,19,18,ONC/TSG
KDM5B,0,16,3,19,19,ONC
MYD88,4,15,0,19,15,ONC
SMARCA4,5,6,8,19,14,ONC/TSG
TRIM3,0,0,19,19,19,TSG
TWIST1,5,12,2,19,14,ONC
CTCF,1,13,4,18,17,ONC
CYLD,1,1,16,18,17,TSG
DAB2IP,2,1,15,18,16,TSG
FOXC1,0,17,1,18,18,ONC
GNMT,0,5,13,18,18,ONC/TSG
GOLPH3,0,18,0,18,18,ONC
MCL1,3,15,0,18,15,ONC
NOTCH2,1,6,11,18,17,ONC/TSG
NR4A1,0,13,5,18,18,ONC/TSG
NUMB,0,10,8,18,18,ONC/TSG
PELP1,3,15,0,18,15,ONC
PRDM1,1,1,16,18,17,TSG
TP73,3,0,15,18,15,TSG
URI1,0,18,0,18,18,ONC
CDC20,2,15,0,17,15,ONC
CRKL,0,17,0,17,17,ONC
DNMT1,0,5,12,17,17,ONC/TSG
EMP3,0,4,13,17,17,TSG
HIC1,0,0,17,17,17,TSG
IGFBP7,0,1,16,17,17,TSG
IRF1,0,2,15,17,17,TSG
LIN28B,7,10,0,17,10,ONC
MACC1,0,17,0,17,17,ONC
MAP2K4,0,7,10,17,17,ONC/TSG
NCOA4,0,17,0,17,17,ONC
NGF,0,16,1,17,17,ONC
PDLIM7,3,13,1,17,14,ONC
PPM1D,0,17,0,17,17,ONC
RELA,1,15,1,17,16,ONC
RHOA,4,11,2,17,13,ONC
TRIM29,2,11,4,17,15,ONC/TSG
ATOH1,0,2,14,16,16,TSG
BCL3,0,16,0,16,16,ONC
CDKN1C,0,4,12,16,16,TSG
CREB1,1,14,1,16,15,ONC
CXCR4,4,9,3,16,12,ONC
DNMT3A,2,7,7,16,14,ONC/TSG
HMGB1,0,7,9,16,16,ONC/TSG
IKBKE,1,15,0,16,15,ONC
ING4,0,2,14,16,16,TSG
KIF14,0,14,2,16,16,ONC
MECOM,0,16,0,16,16,ONC
NDRG1,0,6,10,16,16,ONC/TSG
NR4A3,0,3,13,16,16,TSG
PAX5,0,5,11,16,16,ONC/TSG
PBX1,1,14,1,16,15,ONC
PIN1,1,12,3,16,15,ONC
PLK1,1,11,4,16,15,ONC/TSG
PRDM2,0,1,15,16,16,TSG
RAP1GAP,0,0,16,16,16,TSG
TES,0,6,10,16,16,ONC/TSG
TRIB2,0,15,1,16,16,ONC
ZEB2,2,12,2,16,14,ONC
ZIC1,0,5,11,16,16,ONC/TSG
BECN1,1,1,13,15,14,TSG
BRD7,0,1,14,15,15,TSG
CFTR,0,5,10,15,15,ONC/TSG
CUL4A,0,15,0,15,15,ONC
DAB2,0,2,13,15,15,TSG
EP300,0,4,11,15,15,ONC/TSG
EYA4,0,3,12,15,15,TSG
FLT3,7,8,0,15,8,ONC
KDM4C,0,15,0,15,15,ONC
MAP3K8,2,12,1,15,13,ONC
MEIS1,4,9,2,15,11,ONC
PRAM1,0,15,0,15,15,ONC
PTPN6,0,1,14,15,15,TSG
SALL4,0,15,0,15,15,ONC
TNS4,0,13,2,15,15,ONC
TRIM24,1,12,2,15,14,ONC
VAV1,2,11,2,15,13,ONC
ANXA7,0,0,14,14,14,TSG
ARTN,0,13,1,14,14,ONC
ERBB4,3,5,6,14,11,ONC/TSG
ETS2,1,5,8,14,13,ONC/TSG
FBXO31,0,2,12,14,14,TSG
HSP90AA1,1,13,0,14,13,ONC
IGF1R,6,5,3,14,8,ONC/TSG
KANK1,0,0,14,14,14,TSG
KITLG,3,11,0,14,11,ONC
MALT1,4,10,0,14,10,ONC
NTRK3,0,9,5,14,14,ONC/TSG
PAWR,1,4,9,14,13,ONC/TSG
PTPN1,0,10,4,14,14,ONC/TSG
RHOBTB2,0,1,13,14,14,TSG
RRAS,0,14,0,14,14,ONC
RUNX2,2,10,2,14,12,ONC
SIRT2,0,7,7,14,14,ONC/TSG
SP1,3,8,3,14,11,ONC/TSG
SPDEF,1,6,7,14,13,ONC/TSG
TTF1,0,12,2,14,14,ONC
UHRF1,1,11,2,14,13,ONC
ZNF217,1,13,0,14,13,ONC
BCL11A,0,12,1,13,13,ONC
BCL11B,1,2,10,13,12,TSG
BIRC5,1,12,0,13,12,ONC
BRF2,1,12,0,13,12,ONC
CACNA2D3,0,0,13,13,13,TSG
CD44,6,6,1,13,7,ONC
CDH13,0,5,8,13,13,ONC/TSG
DKK3,0,2,11,13,13,TSG
GAB2,1,12,0,13,12,ONC
GPRC5A,0,2,11,13,13,TSG
HDAC6,0,12,1,13,13,ONC
HOPX,0,1,12,13,13,TSG
IGF1,4,8,1,13,9,ONC
ING1,0,1,12,13,13,TSG
KDM2B,0,10,3,13,13,ONC
LRIG1,0,1,12,13,13,TSG
MAPK14,2,7,4,13,11,ONC/TSG
MDM4,4,8,1,13,9,ONC
MPL,1,12,0,13,12,ONC
PDGFA,8,5,0,13,5,ONC
PLCE1,1,9,3,13,12,ONC
PTK6,2,5,6,13,11,ONC/TSG
PXN,0,13,0,13,13,ONC
RBL1,0,1,12,13,13,TSG
RBM38,0,5,8,13,13,ONC/TSG
SLC9A3R1,1,2,10,13,12,TSG
SPI1,1,5,7,13,12,ONC/TSG
SPRY2,1,2,10,13,12,TSG
TFAP2A,0,3,10,13,13,TSG
TFF3,1,10,2,13,12,ONC
TGFBI,0,8,5,13,13,ONC/TSG
THY1,0,1,12,13,13,TSG
TRAF6,0,13,0,13,13,ONC
ZFHX3,0,0,13,13,13,TSG
BEX1,0,0,12,12,12,TSG
CASR,0,4,8,12,12,ONC/TSG
CDH2,0,12,0,12,12,ONC
CEACAM1,1,0,11,12,11,TSG
DAPK1,0,4,8,12,12,ONC/TSG
DICER1,2,0,10,12,10,TSG
ECT2,0,12,0,12,12,ONC
FGFR4,5,6,1,12,7,ONC
FOXF1,0,2,10,12,12,TSG
FOXQ1,1,10,1,12,11,ONC
GATA3,4,1,7,12,8,TSG
GFI1,1,10,1,12,11,ONC
GNA11,6,6,0,12,6,ONC
HSF1,5,7,0,12,7,ONC
KDM2A,0,10,2,12,12,ONC
MCC,0,2,10,12,12,TSG
MOS,0,12,0,12,12,ONC
MYBL2,0,10,2,12,12,ONC
NGFR,0,2,10,12,12,TSG
NOTCH3,1,8,3,12,11,ONC/TSG
PLXNB1,0,6,6,12,12,ONC/TSG
PRL,2,10,0,12,10,ONC
PROX1,1,4,7,12,11,ONC/TSG
PTP4A3,0,10,2,12,12,ONC
RAC1,7,4,1,12,5,ONC
RASSF10,0,0,12,12,12,TSG
SEMA3B,0,0,12,12,12,TSG
SFRP1,0,2,10,12,12,TSG
SOX7,0,2,10,12,12,TSG
TBX3,2,9,1,12,10,ONC
TNF,0,12,0,12,12,ONC
VAV3,0,12,0,12,12,ONC
WIF1,0,2,10,12,12,TSG
ALDH1A2,0,0,11,11,11,TSG
CDC42,4,6,1,11,7,ONC
CDK6,4,6,1,11,7,ONC
EPHB2,1,0,10,11,10,TSG
FAT1,1,4,6,11,10,ONC/TSG
GJA1,0,4,7,11,11,ONC/TSG
GPC3,0,6,5,11,11,ONC/TSG
HK2,0,10,1,11,11,ONC
HNF1A,0,6,5,11,11,ONC/TSG
ID1,1,10,0,11,10,ONC
IGFBP2,4,6,1,11,7,ONC
LETMD1,0,11,0,11,11,ONC
MCTS1,0,11,0,11,11,ONC
MELK,1,10,0,11,10,ONC
MIF,4,7,0,11,7,ONC
NDRG4,0,2,9,11,11,TSG
NR1H4,0,4,7,11,11,ONC/TSG
OPCML,0,1,10,11,11,TSG
RBL2,0,4,7,11,11,ONC/TSG
S100B,0,3,8,11,11,ONC/TSG
SLC5A8,0,0,11,11,11,TSG
SMO,5,6,0,11,6,ONC
SNAI1,5,4,2,11,6,ONC/TSG
SNCG,0,11,0,11,11,ONC
SOCS3,0,1,10,11,11,TSG
SOD2,1,2,8,11,10,TSG
SQSTM1,0,9,2,11,11,ONC
SRSF1,1,10,0,11,10,ONC
STARD13,0,0,11,11,11,TSG
STIM1,0,6,5,11,11,ONC/TSG
SULF1,0,1,10,11,11,TSG
TBX2,2,6,3,11,9,ONC/TSG
TFPI2,0,1,10,11,11,TSG
TLE1,0,7,4,11,11,ONC/TSG
TRIM11,0,11,0,11,11,ONC
TRIM27,1,10,0,11,10,ONC
USP22,2,9,0,11,9,ONC
WTAP,0,11,0,11,11,ONC
WWP1,0,9,2,11,11,ONC
BTG2,0,4,6,10,10,ONC/TSG
CHD1L,0,10,0,10,10,ONC
CSF1,1,9,0,10,9,ONC
CSF2,1,9,0,10,9,ONC
DACT2,1,0,9,10,9,TSG
DLEC1,0,0,10,10,10,TSG
EPB41L3,0,0,10,10,10,TSG
FLVCR1,2,4,4,10,8,ONC/TSG
FOXR2,1,9,0,10,9,ONC
GDF15,0,3,7,10,10,ONC/TSG
GTPBP4,0,10,0,10,10,ONC
HOXA1,1,9,0,10,9,ONC
IL10,3,7,0,10,7,ONC
ITCH,0,2,8,10,10,TSG
KDM1A,1,7,2,10,9,ONC
KDM6B,1,5,4,10,9,ONC/TSG
KISS1,0,0,10,10,10,TSG
MAP3K7,1,4,5,10,9,ONC/TSG
MECP2,0,10,0,10,10,ONC
PAK1,1,9,0,10,9,ONC
PBRM1,1,0,9,10,9,TSG
PCDH10,0,0,10,10,10,TSG
PCDH17,0,0,10,10,10,TSG
PER2,0,1,9,10,10,TSG
PHB,0,4,6,10,10,ONC/TSG
PIWIL1,0,10,0,10,10,ONC
PRKCI,0,10,0,10,10,ONC
PRMT5,3,7,0,10,7,ONC
PRR11,0,10,0,10,10,ONC
PSCA,1,4,5,10,9,ONC/TSG
PSMD10,0,9,1,10,10,ONC
PTPRJ,0,0,10,10,10,TSG
PTPRK,0,1,9,10,10,TSG
PTPRO,0,1,9,10,10,TSG
RAB1A,0,10,0,10,10,ONC
RAB22A,0,10,0,10,10,ONC
RAP1A,0,5,5,10,10,ONC/TSG
RELB,2,8,0,10,8,ONC
RPRM,0,1,9,10,10,TSG
RPS6KA6,0,1,9,10,10,TSG
SERPINB3,2,6,2,10,8,ONC
SIRT7,0,10,0,10,10,ONC
SMAD3,1,2,7,10,9,TSG
SNAI2,2,6,2,10,8,ONC
SPRY4,0,4,6,10,10,ONC/TSG
TFG,0,10,0,10,10,ONC
TGFB1,1,8,1,10,9,ONC
TP53INP1,0,1,9,10,10,TSG
TTN,1,9,0,10,9,ONC
USP4,0,4,6,10,10,ONC/TSG
USP9X,1,0,9,10,9,TSG
YY1,0,6,4,10,10,ONC/TSG
ZBTB16,1,8,1,10,9,ONC
ZFP36,0,2,8,10,10,TSG
ABHD5,0,2,7,9,9,TSG
ADAMTS9,0,0,9,9,9,TSG
AIM2,0,2,7,9,9,TSG
ANXA6,0,0,9,9,9,TSG
BCL6B,0,1,8,9,9,TSG
BIRC2,0,9,0,9,9,ONC
BTG3,0,0,9,9,9,TSG
CALR,2,7,0,9,7,ONC
CCNE1,0,9,0,9,9,ONC
CDH3,0,7,2,9,9,ONC
CDH4,0,1,8,9,9,TSG
CHEK1,0,7,2,9,9,ONC
CHL1,1,2,6,9,8,TSG
CIC,3,0,6,9,6,TSG
CREBBP,0,4,5,9,9,ONC/TSG
CST6,0,0,9,9,9,TSG
CTBP1,0,5,4,9,9,ONC/TSG
DNMT3B,1,1,7,9,8,TSG
DUSP6,0,2,7,9,9,TSG
E2F3,1,6,2,9,8,ONC
E2F5,0,8,1,9,9,ONC
EEF1A2,0,9,0,9,9,ONC
EGLN1,0,1,8,9,9,TSG
ETV1,0,9,0,9,9,ONC
FAS,1,5,3,9,8,ONC/TSG
FAT4,0,0,9,9,9,TSG
FBP1,0,1,8,9,9,TSG
FLII,2,7,0,9,7,ONC
FLT1,2,7,0,9,7,ONC
FOXF2,1,5,3,9,8,ONC/TSG
FUT1,2,7,0,9,7,ONC
GATA6,0,6,3,9,9,ONC/TSG
GKN1,0,3,6,9,9,ONC/TSG
GLIPR1,0,1,8,9,9,TSG
HACE1,0,0,9,9,9,TSG
HIF1A,3,4,2,9,6,ONC/TSG
HTATIP2,0,0,9,9,9,TSG
IGF2,2,6,1,9,7,ONC
IL11,1,8,0,9,8,ONC
IL2,4,4,1,9,5,ONC
IL24,0,2,7,9,9,TSG
IRX1,0,1,8,9,9,TSG
KIF5B,3,6,0,9,6,ONC
KLK10,0,3,6,9,9,ONC/TSG
LATS2,0,2,7,9,9,TSG
LRP1B,0,0,9,9,9,TSG
MEF2D,0,7,2,9,9,ONC
MLLT1,8,1,0,9,1,ONC
MMP9,0,8,1,9,9,ONC
MTSS1,0,3,6,9,9,ONC/TSG
MUC4,0,7,2,9,9,ONC
MYO18B,0,0,9,9,9,TSG
NME1,1,3,5,9,8,ONC/TSG
NOB1,0,9,0,9,9,ONC
NR0B2,0,1,8,9,9,TSG
NRG1,6,3,0,9,3,ONC
NTRK2,2,7,0,9,7,ONC
PAX3,1,7,1,9,8,ONC
PCGF2,0,1,8,9,9,TSG
PDGFRB,6,3,0,9,3,ONC
PHF6,5,0,4,9,4,TSG
PIM3,0,9,0,9,9,ONC
PPARG,0,4,5,9,9,ONC/TSG
PTK2,2,5,2,9,7,ONC/TSG
PTPRG,0,0,9,9,9,TSG
RASAL1,0,0,9,9,9,TSG
RHOC,2,7,0,9,7,ONC
SETBP1,2,7,0,9,7,ONC
SETD7,0,1,8,9,9,TSG
SLIT2,0,0,9,9,9,TSG
SMARCA1,2,1,6,9,7,TSG
SPHK1,0,9,0,9,9,ONC
SS18,0,9,0,9,9,ONC
UBE2C,0,9,0,9,9,ONC
USP39,0,9,0,9,9,ONC
YEATS4,1,8,0,9,8,ONC
ZIC2,0,9,0,9,9,ONC
ACTL6A,0,7,1,8,8,ONC
AJAP1,0,0,8,8,8,TSG
ALKBH5,0,8,0,8,8,ONC
ATF1,0,6,2,8,8,ONC
ATRX,7,0,1,8,1,TSG
BDNF,0,6,2,8,8,ONC
BHLHE41,0,2,6,8,8,TSG
BRD4,3,4,1,8,5,ONC
CD8A,6,2,0,8,2,ONC
CDK1,1,4,3,8,7,ONC/TSG
CDK12,1,1,6,8,7,TSG
CEP55,0,8,0,8,8,ONC
CFLAR,1,7,0,8,7,ONC
CLU,0,4,4,8,8,ONC/TSG
CYGB,0,1,7,8,8,TSG
DDX58,1,2,5,8,7,ONC/TSG
DEPTOR,0,5,3,8,8,ONC/TSG
DNAH8,1,6,1,8,7,ONC
DPP4,0,2,6,8,8,TSG
EHF,0,3,5,8,8,ONC/TSG
ELF3,2,4,2,8,6,ONC/TSG
ERRFI1,0,1,7,8,8,TSG
FABP3,0,6,2,8,8,ONC
FBXO11,0,4,4,8,8,ONC/TSG
FES,1,6,1,8,7,ONC
FRK,0,2,6,8,8,TSG
FSCN1,0,7,1,8,8,ONC
GATA4,0,1,7,8,8,TSG
GLI2,3,5,0,8,5,ONC
GRM1,0,8,0,8,8,ONC
HDAC9,1,4,3,8,7,ONC/TSG
HOXB13,0,1,7,8,8,TSG
ILF3,0,7,1,8,8,ONC
INPP5D,0,1,7,8,8,TSG
JUNB,0,6,2,8,8,ONC
KCTD11,0,0,8,8,8,TSG
KDR,2,6,0,8,6,ONC
LCN2,1,4,3,8,7,ONC/TSG
LPA,2,5,1,8,6,ONC
MLLT11,0,8,0,8,8,ONC
MMP14,5,3,0,8,3,ONC
MN1,2,4,2,8,6,ONC/TSG
MTAP,0,2,6,8,8,TSG
MXI1,0,0,8,8,8,TSG
MYH9,0,5,3,8,8,ONC/TSG
NEUROG1,0,4,4,8,8,ONC/TSG
NUAK1,0,8,0,8,8,ONC
PAK4,2,6,0,8,6,ONC
PAQR3,0,0,8,8,8,TSG
PBK,1,7,0,8,7,ONC
PCDH8,0,0,8,8,8,TSG
PDX1,0,4,4,8,8,ONC/TSG
PLAGL2,0,8,0,8,8,ONC
POU3F2,3,5,0,8,5,ONC
PPP1R13L,0,8,0,8,8,ONC
PSMA6,0,8,0,8,8,ONC
PTK2B,1,6,1,8,7,ONC
PTPN13,0,1,7,8,8,TSG
RBM5,0,0,8,8,8,TSG
RNF6,0,5,3,8,8,ONC/TSG
ROCK1,0,6,2,8,8,ONC
ROR1,1,7,0,8,7,ONC
RRM2,0,8,0,8,8,ONC
S100A4,2,2,4,8,6,ONC/TSG
SATB1,1,7,0,8,7,ONC
SENP2,0,0,8,8,8,TSG
SFN,0,6,2,8,8,ONC
SLC2A1,1,6,1,8,7,ONC
SLC39A1,0,0,8,8,8,TSG
SMYD4,0,0,8,8,8,TSG
STAT5A,3,3,2,8,5,ONC/TSG
SULF2,0,7,1,8,8,ONC
TCF4,0,6,2,8,8,ONC
TP53INP2,0,8,0,8,8,ONC
TPD52,0,8,0,8,8,ONC
TRAF3,0,1,7,8,8,TSG
TSC1,3,2,3,8,5,ONC/TSG
TXNIP,0,0,8,8,8,TSG
VIM,1,5,2,8,7,ONC/TSG
ZHX2,1,3,4,8,7,ONC/TSG
ABCB1,0,7,0,7,7,ONC
AFAP1,0,7,0,7,7,ONC
AFF1,2,5,0,7,5,ONC
AGR2,0,7,0,7,7,ONC
AKAP12,0,1,6,7,7,TSG
AKT3,1,2,4,7,6,ONC/TSG
AMOT,0,3,4,7,7,ONC/TSG
ARID1B,1,1,5,7,6,TSG
AZGP1,0,0,7,7,7,TSG
BIRC3,3,4,0,7,4,ONC
BLCAP,0,0,7,7,7,TSG
BRIP1,0,1,6,7,7,TSG
CASZ1,0,0,7,7,7,TSG
CCBE1,0,3,4,7,7,ONC/TSG
CCND2,0,3,4,7,7,ONC/TSG
CCND3,0,7,0,7,7,ONC
CLCA2,0,0,7,7,7,TSG
CLDN1,0,1,6,7,7,TSG
CXCL1,1,6,0,7,6,ONC
DCUN1D1,0,6,1,7,7,ONC
DKK1,0,3,4,7,7,ONC/TSG
DNAJB4,0,3,4,7,7,ONC/TSG
DTL,0,7,0,7,7,ONC
E2F2,0,2,5,7,7,ONC/TSG
EHMT2,1,4,2,7,6,ONC/TSG
EIF2AK2,0,2,5,7,7,ONC/TSG
EIF5A2,0,7,0,7,7,ONC
EPO,3,4,0,7,4,ONC
FGF3,0,7,0,7,7,ONC
FGF5,0,7,0,7,7,ONC
FOSL1,1,6,0,7,6,ONC
FOXD3,1,0,6,7,6,TSG
FOXK1,0,5,2,7,7,ONC/TSG
FYN,0,5,2,7,7,ONC/TSG
GLI3,0,7,0,7,7,ONC
GPX3,0,0,7,7,7,TSG
GSTP1,1,0,6,7,6,TSG
HMMR,1,5,1,7,6,ONC
HOXD10,0,1,6,7,7,TSG
IGF2R,0,2,5,7,7,ONC/TSG
ILF2,0,6,1,7,7,ONC
ING3,0,1,6,7,7,TSG
IRS2,0,7,0,7,7,ONC
ITIH5,1,1,5,7,6,TSG
KAT6A,1,6,0,7,6,ONC
KLF2,0,0,7,7,7,TSG
KLF8,0,7,0,7,7,ONC
LASP1,0,5,2,7,7,ONC/TSG
LIFR,0,0,7,7,7,TSG
LRRC4,0,0,7,7,7,TSG
MAP2K1,2,5,0,7,5,ONC
MCAM,0,3,4,7,7,ONC/TSG
MNX1,0,6,1,7,7,ONC
NFATC1,3,3,1,7,4,ONC
NFATC2,1,5,1,7,6,ONC
NKAP,0,7,0,7,7,ONC
NKX2-8,0,3,4,7,7,ONC/TSG
NLK,0,0,7,7,7,TSG
NR2E1,1,6,0,7,6,ONC
NR5A2,2,5,0,7,5,ONC
PATZ1,0,3,4,7,7,ONC/TSG
PAX8,0,6,1,7,7,ONC
PHGDH,0,7,0,7,7,ONC
POU5F1,1,3,3,7,6,ONC/TSG
PPP6C,5,1,1,7,2,ONC/TSG
PRKDC,1,3,3,7,6,ONC/TSG
PROM1,5,2,0,7,2,ONC
PTRH2,0,1,6,7,7,TSG
PTTG1IP,0,7,0,7,7,ONC
RAN,2,5,0,7,5,ONC
RARRES1,0,1,6,7,7,TSG
RASA1,0,2,5,7,7,ONC/TSG
RASSF2,0,0,7,7,7,TSG
RASSF8,0,0,7,7,7,TSG
RICTOR,3,4,0,7,4,ONC
RIPK1,1,6,0,7,6,ONC
RRAS2,0,7,0,7,7,ONC
SAMSN1,0,2,5,7,7,ONC/TSG
SASH1,0,0,7,7,7,TSG
SATB2,0,1,6,7,7,TSG
SGK3,0,7,0,7,7,ONC
SMAD2,0,1,6,7,7,TSG
SMYD2,0,5,2,7,7,ONC/TSG
SOX10,2,2,3,7,5,ONC/TSG
SOX11,0,2,5,7,7,ONC/TSG
SOX17,1,1,5,7,6,TSG
SOX6,0,0,7,7,7,TSG
SRF,0,7,0,7,7,ONC
SUSD2,0,1,6,7,7,TSG
TBX5,0,1,6,7,7,TSG
THRA,0,6,1,7,7,ONC
TIMP3,0,2,5,7,7,ONC/TSG
TOB1,0,1,6,7,7,TSG
TPX2,0,7,0,7,7,ONC
TRIM25,0,7,0,7,7,ONC
UNC5D,0,0,7,7,7,TSG
WNT10A,0,7,0,7,7,ONC
YWHAZ,1,5,1,7,6,ONC
ABCB5,4,1,1,6,2,ONC/TSG
AJUBA,0,5,1,6,6,ONC
AMOTL1,0,6,0,6,6,ONC
ANP32C,0,6,0,6,6,ONC
ANXA2,1,5,0,6,5,ONC
ARHGAP10,0,0,6,6,6,TSG
ARL11,0,5,1,6,6,ONC
ASCL1,1,5,0,6,5,ONC
ASPN,1,2,3,6,5,ONC/TSG
BAX,1,3,2,6,5,ONC/TSG
BCL2L11,0,2,4,6,6,ONC/TSG
BCL2L2,0,6,0,6,6,ONC
BEX2,0,0,6,6,6,TSG
BLNK,1,3,2,6,5,ONC/TSG
BSG,2,4,0,6,4,ONC
CALCA,0,6,0,6,6,ONC
CARM1,1,5,0,6,5,ONC
CBFA2T3,0,0,6,6,6,TSG
CBX8,0,5,1,6,6,ONC
CCDC6,0,5,1,6,6,ONC
CCNC,0,2,4,6,6,ONC/TSG
CDK5,0,4,2,6,6,ONC/TSG
CEBPA,0,5,1,6,6,ONC
CEBPD,0,0,6,6,6,TSG
CHD1,1,1,4,6,5,TSG
CNDP2,0,1,5,6,6,TSG
CTCFL,1,4,1,6,5,ONC
CTNND1,0,2,4,6,6,ONC/TSG
DACH1,0,0,6,6,6,TSG
DLGAP5,0,6,0,6,6,ONC
DNM3,0,1,5,6,6,TSG
DOT1L,3,3,0,6,3,ONC
DPH1,0,1,5,6,6,TSG
DUSP1,2,3,1,6,4,ONC
DUSP4,0,0,6,6,6,TSG
EFEMP1,0,1,5,6,6,TSG
EGR2,0,5,1,6,6,ONC
EIF3E,0,3,3,6,6,ONC/TSG
EIF4EBP1,1,5,0,6,5,ONC
EPHA3,0,2,4,6,6,ONC/TSG
EPHB4,0,2,4,6,6,ONC/TSG
ESRP1,0,1,5,6,6,TSG
EZR,1,3,2,6,5,ONC/TSG
FEZF1,0,6,0,6,6,ONC
FH,1,0,5,6,5,TSG
FOXK2,0,3,3,6,6,ONC/TSG
G6PD,0,6,0,6,6,ONC
GDE1,0,0,6,6,6,TSG
GDF2,0,2,4,6,6,ONC/TSG
GOLPH3L,0,6,0,6,6,ONC
GPBAR1,1,1,4,6,5,TSG
GPNMB,0,3,3,6,6,ONC/TSG
GRIK2,0,1,5,6,6,TSG
GSN,0,1,5,6,6,TSG
HMGN5,0,6,0,6,6,ONC
HNF4A,0,3,3,6,6,ONC/TSG
HTRA1,0,0,6,6,6,TSG
ID3,0,3,3,6,6,ONC/TSG
IFNA1,1,3,2,6,5,ONC/TSG
IQGAP2,0,0,6,6,6,TSG
IRF6,1,1,4,6,5,TSG
KCNQ1,0,0,6,6,6,TSG
KDM4A,1,4,1,6,5,ONC
KIF4A,0,5,1,6,6,ONC
LATS1,0,1,5,6,6,TSG
LGI1,0,0,6,6,6,TSG
LIN28A,1,4,1,6,5,ONC
LMO3,0,5,1,6,6,ONC
LSAMP,0,0,6,6,6,TSG
LYL1,1,5,0,6,5,ONC
MAGED4,0,6,0,6,6,ONC
MAL,0,0,6,6,6,TSG
MAP3K1,2,2,2,6,4,ONC/TSG
MDK,2,4,0,6,4,ONC
MEF2C,0,5,1,6,6,ONC
MGMT,0,2,4,6,6,ONC/TSG
MMP7,1,4,1,6,5,ONC
MSI1,0,5,1,6,6,ONC
MSX1,0,5,1,6,6,ONC
MTA3,0,3,3,6,6,ONC/TSG
MTUS1,0,0,6,6,6,TSG
MZF1,0,6,0,6,6,ONC
NANOG,2,4,0,6,4,ONC
NCL,0,6,0,6,6,ONC
NEK7,0,6,0,6,6,ONC
NKX2-2,0,5,1,6,6,ONC
NOS3,1,5,0,6,5,ONC
NR2F2,0,5,1,6,6,ONC
NUP98,2,3,1,6,4,ONC
PAX2,0,5,1,6,6,ONC
PHF8,0,6,0,6,6,ONC
PIGU,0,6,0,6,6,ONC
PIK3R1,2,2,2,6,4,ONC/TSG
PIM2,0,6,0,6,6,ONC
PLAG1,0,6,0,6,6,ONC
PLK2,0,2,4,6,6,ONC/TSG
PPARA,0,1,5,6,6,TSG
PRC1,0,5,1,6,6,ONC
PRDX1,0,2,4,6,6,ONC/TSG
PREX1,2,4,0,6,4,ONC
PRSS3,1,1,4,6,5,TSG
PTN,1,5,0,6,5,ONC
PTPRZ1,1,5,0,6,5,ONC
RAB14,0,3,3,6,6,ONC/TSG
RAB37,0,0,6,6,6,TSG
RHOB,0,1,5,6,6,TSG
RHOH,0,5,1,6,6,ONC
RPS6KA2,0,0,6,6,6,TSG
RSF1,0,6,0,6,6,ONC
RSPO3,1,2,3,6,5,ONC/TSG
S100A2,0,0,6,6,6,TSG
SALL2,0,0,6,6,6,TSG
SEMA3F,0,0,6,6,6,TSG
SIX1,0,6,0,6,6,ONC
SMYD3,0,6,0,6,6,ONC
SOX5,0,6,0,6,6,ONC
SPRY1,0,3,3,6,6,ONC/TSG
ST18,0,3,3,6,6,ONC/TSG
STK4,0,0,6,6,6,TSG
SUZ12,1,3,2,6,5,ONC/TSG
SYNPO2,0,0,6,6,6,TSG
TACC2,0,2,4,6,6,ONC/TSG
TACC3,0,5,1,6,6,ONC
TACSTD2,0,5,1,6,6,ONC
THBS1,0,1,5,6,6,TSG
TKTL1,1,5,0,6,5,ONC
TLX3,0,5,1,6,6,ONC
TMED3,0,0,6,6,6,TSG
TNFAIP8L2,0,0,6,6,6,TSG
TRIM28,1,2,3,6,5,ONC/TSG
TRIM33,0,1,5,6,6,TSG
TRPM1,0,0,6,6,6,TSG
UBE2S,0,6,0,6,6,ONC
VDR,0,5,1,6,6,ONC
VWA5A,0,0,6,6,6,TSG
WNT7A,0,3,3,6,6,ONC/TSG
ZNF750,0,0,6,6,6,TSG
ADIPOQ,0,2,3,5,5,ONC/TSG
AGRN,0,5,0,5,5,ONC
AHNAK,1,0,4,5,4,TSG
ALDOA,0,5,0,5,5,ONC
ALOX15,0,0,5,5,5,TSG
APAF1,0,2,3,5,5,ONC/TSG
ARID4A,0,2,3,5,5,ONC/TSG
ARNT,0,5,0,5,5,ONC
AXIN1,0,1,4,5,5,TSG
BARD1,0,3,2,5,5,ONC/TSG
BIN1,0,0,5,5,5,TSG
BNC2,0,0,5,5,5,TSG
BTG1,0,0,5,5,5,TSG
CAMTA1,0,0,5,5,5,TSG
CBLB,0,5,0,5,5,ONC
CBX4,0,3,2,5,5,ONC/TSG
CD151,2,3,0,5,3,ONC
CD24,0,5,0,5,5,ONC
CDC25A,0,5,0,5,5,ONC
CDC6,0,5,0,5,5,ONC
CDH11,0,0,5,5,5,TSG
CDH17,0,4,1,5,5,ONC
CDK10,0,0,5,5,5,TSG
CDK5RAP3,0,0,5,5,5,TSG
CDK9,1,3,1,5,4,ONC
CLCA1,0,0,5,5,5,TSG
CNOT3,1,0,4,5,4,TSG
COPS5,0,5,0,5,5,ONC
CSF3R,2,3,0,5,3,ONC
CSMD1,0,0,5,5,5,TSG
CTBP2,0,5,0,5,5,ONC
CTDSPL,0,0,5,5,5,TSG
CTHRC1,0,5,0,5,5,ONC
CXCL14,0,1,4,5,5,TSG
DCD,0,5,0,5,5,ONC
DDR1,2,1,2,5,3,ONC/TSG
DDX5,0,5,0,5,5,ONC
DIRAS1,0,0,5,5,5,TSG
DIS3,1,1,3,5,4,TSG
DMBT1,0,0,5,5,5,TSG
DMD,0,0,5,5,5,TSG
DRG1,0,3,2,5,5,ONC/TSG
EAF2,0,0,5,5,5,TSG
EI24,0,0,5,5,5,TSG
EMP2,0,3,2,5,5,ONC/TSG
EN2,0,5,0,5,5,ONC
ENTPD5,1,4,0,5,4,ONC
FAM83D,1,4,0,5,4,ONC
FGF2,3,2,0,5,2,ONC
FOXA2,0,1,4,5,5,TSG
FSTL1,1,1,3,5,4,TSG
GALR1,0,0,5,5,5,TSG
GATA2,1,3,1,5,4,ONC
GLS,0,5,0,5,5,ONC
GRHL2,0,0,5,5,5,TSG
GRN,2,3,0,5,3,ONC
GRP,0,5,0,5,5,ONC
GUCY2C,1,0,4,5,4,TSG
HDAC1,0,3,2,5,5,ONC/TSG
HDGF,0,5,0,5,5,ONC
HOXA10,0,2,3,5,5,ONC/TSG
HOXA11,0,1,4,5,5,TSG
HOXA13,0,5,0,5,5,ONC
HOXA5,0,1,4,5,5,TSG
HOXC6,1,3,1,5,4,ONC
ID2,0,2,3,5,5,ONC/TSG
IDH2,2,2,1,5,3,ONC/TSG
IGFBP3,0,1,4,5,5,TSG
IGFBP5,0,0,5,5,5,TSG
IL7R,1,4,0,5,4,ONC
INSR,0,5,0,5,5,ONC
INTS6,0,0,5,5,5,TSG
KDM3A,0,5,0,5,5,ONC
KDM3B,0,1,4,5,5,TSG
KLF10,0,0,5,5,5,TSG
KLF13,0,3,2,5,5,ONC/TSG
LGR5,0,4,1,5,5,ONC
LGR6,0,1,4,5,5,TSG
LHPP,0,3,2,5,5,ONC/TSG
LIMD2,0,5,0,5,5,ONC
LXN,0,0,5,5,5,TSG
LZTFL1,0,0,5,5,5,TSG
LZTS1,0,0,5,5,5,TSG
MAP2K6,0,5,0,5,5,ONC
MAP3K3,0,5,0,5,5,ONC
MCF2,0,5,0,5,5,ONC
MIEN1,0,5,0,5,5,ONC
MLH1,0,0,5,5,5,TSG
MMP2,1,3,1,5,4,ONC
MT3,0,2,3,5,5,ONC/TSG
MYOD1,0,0,5,5,5,TSG
NACC1,0,5,0,5,5,ONC
NAMPT,0,5,0,5,5,ONC
NBN,0,0,5,5,5,TSG
NCOA2,1,4,0,5,4,ONC
NCOR1,0,5,0,5,5,ONC
NEDD9,1,4,0,5,4,ONC
NISCH,0,1,4,5,5,TSG
NKX2-5,0,5,0,5,5,ONC
NPAS3,2,1,2,5,3,ONC/TSG
NTSR1,0,1,4,5,5,TSG
ODC1,1,4,0,5,4,ONC
OGT,0,5,0,5,5,ONC
OLR1,0,2,3,5,5,ONC/TSG
PA2G4,0,0,5,5,5,TSG
PDCD5,0,2,3,5,5,ONC/TSG
PDLIM5,0,5,0,5,5,ONC
PER1,0,0,5,5,5,TSG
PHLDA3,0,0,5,5,5,TSG
PINX1,0,1,4,5,5,TSG
PLXNC1,0,0,5,5,5,TSG
PPP1R1B,1,4,0,5,4,ONC
PRDM14,1,4,0,5,4,ONC
PTBP1,1,4,0,5,4,ONC
PTHLH,4,1,0,5,1,ONC
PTK7,0,5,0,5,5,ONC
PTPN9,0,1,4,5,5,TSG
RAD9A,0,4,1,5,5,ONC
RALA,1,3,1,5,4,ONC
RASAL2,0,1,4,5,5,TSG
RASSF6,0,0,5,5,5,TSG
RBM45,0,1,4,5,5,TSG
RECK,0,1,4,5,5,TSG
RERG,0,0,5,5,5,TSG
RND3,0,1,4,5,5,TSG
RNF43,0,2,3,5,5,ONC/TSG
RP1,0,1,4,5,5,TSG
RRBP1,0,5,0,5,5,ONC
S100A11,0,1,4,5,5,TSG
S100A8,0,4,1,5,5,ONC
S1PR2,2,0,3,5,3,TSG
SCARB1,0,5,0,5,5,ONC
SDHB,1,0,4,5,4,TSG
SET,0,5,0,5,5,ONC
SF3B1,4,0,1,5,1,TSG
SFRP2,0,0,5,5,5,TSG
SLC9A9,3,2,0,5,2,ONC
SMAD5,0,1,4,5,5,TSG
SMARCA2,1,0,4,5,4,TSG
SOSTDC1,0,0,5,5,5,TSG
SOX1,0,3,2,5,5,ONC/TSG
SOX15,0,0,5,5,5,TSG
SOX3,0,5,0,5,5,ONC
SPINT2,0,0,5,5,5,TSG
SRY,0,4,1,5,5,ONC
SSBP2,0,0,5,5,5,TSG
STOML2,0,5,0,5,5,ONC
SUFU,0,0,5,5,5,TSG
TAT,0,1,4,5,5,TSG
TBK1,0,5,0,5,5,ONC
TBX1,3,0,2,5,2,TSG
TDGF1,0,5,0,5,5,ONC
TEAD4,0,4,1,5,5,ONC
TFDP1,0,0,5,5,5,TSG
THEM4,1,4,0,5,4,ONC
TNFSF11,2,3,0,5,3,ONC
TP53BP1,0,0,5,5,5,TSG
TP53I3,0,5,0,5,5,ONC
TREM2,0,2,3,5,5,ONC/TSG
TRIM14,0,4,1,5,5,ONC
TRIM44,0,5,0,5,5,ONC
TRIM59,0,5,0,5,5,ONC
TRPS1,1,2,2,5,4,ONC/TSG
TSG101,0,1,4,5,5,TSG
UBE3A,0,1,4,5,5,TSG
ULK1,0,5,0,5,5,ONC
USP15,0,4,1,5,5,ONC
VPS53,0,0,5,5,5,TSG
XPO1,0,4,1,5,5,ONC
ZYG11A,0,5,0,5,5,ONC
ACSL1,0,1,3,4,4,TSG
ADCYAP1,0,3,1,4,4,ONC
AGL,3,0,1,4,1,TSG
AHI1,0,4,0,4,4,ONC
AMACR,0,4,0,4,4,ONC
AMOTL2,0,3,1,4,4,ONC
ANGPTL2,1,1,2,4,3,ONC/TSG
ANXA1,0,3,1,4,4,ONC
AREG,1,3,0,4,3,ONC
ARHGAP1,0,0,4,4,4,TSG
ARID4B,1,1,2,4,3,ONC/TSG
ARNTL,0,1,3,4,4,TSG
ATF7IP,1,3,0,4,3,ONC
ATMIN,0,1,3,4,4,TSG
ATOH7,0,3,1,4,4,ONC
ATP8A2,3,1,0,4,1,ONC
BBC3,1,1,2,4,3,ONC/TSG
BCL9,0,4,0,4,4,ONC
BCOR,1,2,1,4,3,ONC/TSG
BIRC7,0,4,0,4,4,ONC
BLK,0,3,1,4,4,ONC
BMP4,0,3,1,4,4,ONC
BNIP3,1,1,2,4,3,ONC/TSG
BNIP3L,0,0,4,4,4,TSG
BOP1,0,4,0,4,4,ONC
BTK,0,4,0,4,4,ONC
CACYBP,0,2,2,4,4,ONC/TSG
CARD11,1,3,0,4,3,ONC
CBX2,1,3,0,4,3,ONC
CCNG1,0,4,0,4,4,ONC
CCNG2,0,3,1,4,4,ONC
CD300A,0,3,1,4,4,ONC
CD34,2,2,0,4,2,ONC
CD4,1,3,0,4,3,ONC
CDK2,1,2,1,4,3,ONC/TSG
CHFR,0,0,4,4,4,TSG
CHMP1A,0,0,4,4,4,TSG
CIRBP,0,1,3,4,4,TSG
CLDN7,0,0,4,4,4,TSG
CLOCK,0,3,1,4,4,ONC
CMTM3,0,0,4,4,4,TSG
CMTM7,0,0,4,4,4,TSG
CNTNAP2,0,0,4,4,4,TSG
COPS3,0,4,0,4,4,ONC
CPEB1,0,0,4,4,4,TSG
CRP,0,4,0,4,4,ONC
CTTN,0,4,0,4,4,ONC
CUX1,1,1,2,4,3,ONC/TSG
CXCL12,2,2,0,4,2,ONC
CXCL2,0,4,0,4,4,ONC
CXXC4,0,2,2,4,4,ONC/TSG
DCN,0,1,3,4,4,TSG
DDB2,0,1,3,4,4,TSG
DDIT3,1,3,0,4,3,ONC
DDIT4,1,3,0,4,3,ONC
DDR2,2,2,0,4,2,ONC
DDX20,0,1,3,4,4,TSG
DEFB1,0,2,2,4,4,ONC/TSG
DHX9,0,4,0,4,4,ONC
DLK1,0,2,2,4,4,ONC/TSG
DLX4,0,2,2,4,4,ONC/TSG
DOK2,0,0,4,4,4,TSG
DTX1,0,3,1,4,4,ONC
E2F6,0,3,1,4,4,ONC
ELAVL1,0,4,0,4,4,ONC
ELF5,2,1,1,4,2,ONC/TSG
EPCAM,0,3,1,4,4,ONC
EPHB3,0,1,3,4,4,TSG
EPHB6,0,1,3,4,4,TSG
ERP29,0,0,4,4,4,TSG
ETV4,0,4,0,4,4,ONC
EYA2,0,4,0,4,4,ONC
F11R,2,2,0,4,2,ONC
FAM107A,0,0,4,4,4,TSG
FAM83H,0,4,0,4,4,ONC
FBXO32,0,0,4,4,4,TSG
FGF4,0,4,0,4,4,ONC
FGF8,0,4,0,4,4,ONC
FNDC3B,0,4,0,4,4,ONC
FOXC2,0,4,0,4,4,ONC
FOXG1,0,3,1,4,4,ONC
FOXP2,0,2,2,4,4,ONC/TSG
FUBP1,0,3,1,4,4,ONC
FXR1,0,4,0,4,4,ONC
GAS1,0,2,2,4,4,ONC/TSG
GDF11,0,0,4,4,4,TSG
GFI1B,0,4,0,4,4,ONC
GJB2,0,0,4,4,4,TSG
GLDC,0,3,1,4,4,ONC
GNG4,0,1,3,4,4,TSG
GOLM1,0,4,0,4,4,ONC
GPC5,0,0,4,4,4,TSG
GPR137,0,4,0,4,4,ONC
GPX7,0,1,3,4,4,TSG
GRB7,0,4,0,4,4,ONC
GRHL1,0,0,4,4,4,TSG
GRIN2A,0,0,4,4,4,TSG
GSC,4,0,0,4,0,DRV
HAS2,2,2,0,4,2,ONC
HBP1,0,2,2,4,4,ONC/TSG
HDAC2,1,3,0,4,3,ONC
HELLS,1,3,0,4,3,ONC
HMGB3,0,3,1,4,4,ONC
HNF1B,0,2,2,4,4,ONC/TSG
HNRNPA1,0,4,0,4,4,ONC
HNRNPA2B1,0,4,0,4,4,ONC
HPSE2,0,0,4,4,4,TSG
HRG,3,1,0,4,1,ONC
IGF2BP1,0,3,1,4,4,ONC
IL15,3,1,0,4,1,ONC
IL17A,1,2,1,4,3,ONC/TSG
ILK,1,2,1,4,3,ONC/TSG
ING5,0,1,3,4,4,TSG
INPPL1,0,2,2,4,4,ONC/TSG
IRF3,0,2,2,4,4,ONC/TSG
JAK3,3,1,0,4,1,ONC
JDP2,0,3,1,4,4,ONC
KCNH1,0,4,0,4,4,ONC
KCTD12,0,0,4,4,4,TSG
KDM4B,3,1,0,4,1,ONC
KDM5C,0,3,1,4,4,ONC
KEAP1,1,1,2,4,3,ONC/TSG
LAPTM4B,0,4,0,4,4,ONC
LARP7,0,0,4,4,4,TSG
LEP,0,4,0,4,4,ONC
LEPR,0,4,0,4,4,ONC
LHX2,0,4,0,4,4,ONC
LHX6,0,1,3,4,4,TSG
LMNA,0,4,0,4,4,ONC
LMO4,0,4,0,4,4,ONC
LSM1,0,4,0,4,4,ONC
LTF,0,2,2,4,4,ONC/TSG
LYN,0,4,0,4,4,ONC
MAP3K14,0,3,1,4,4,ONC
MAP3K5,0,1,3,4,4,TSG
MAPK7,0,2,2,4,4,ONC/TSG
MAPK9,0,3,1,4,4,ONC
MCM7,0,4,0,4,4,ONC
MED12,0,2,2,4,4,ONC/TSG
MMRN1,4,0,0,4,0,DRV
MSI2,0,3,1,4,4,ONC
MTA1,2,1,1,4,2,ONC/TSG
MUC16,0,3,1,4,4,ONC
MUC2,0,0,4,4,4,TSG
MYEOV,1,3,0,4,3,ONC
MYH11,3,1,0,4,1,ONC
NEBL,0,2,2,4,4,ONC/TSG
NEFH,0,0,4,4,4,TSG
NES,1,2,1,4,3,ONC/TSG
NFE2L2,0,4,0,4,4,ONC
NFKB2,2,1,1,4,2,ONC/TSG
NHLH2,0,4,0,4,4,ONC
NMI,0,1,3,4,4,TSG
NOTCH4,0,2,2,4,4,ONC/TSG
NR4A2,0,2,2,4,4,ONC/TSG
NRP2,1,3,0,4,3,ONC
NSD1,0,3,1,4,4,ONC
NT5C2,2,2,0,4,2,ONC
NUP214,0,4,0,4,4,ONC
ORAI1,1,1,2,4,3,ONC/TSG
OSR1,0,0,4,4,4,TSG
PADI2,0,4,0,4,4,ONC
PARK7,0,3,1,4,4,ONC
PAX9,0,4,0,4,4,ONC
PDK1,0,4,0,4,4,ONC
PFN1,0,1,3,4,4,TSG
PHLDA1,0,0,4,4,4,TSG
PHLDA2,0,0,4,4,4,TSG
PHLPP1,0,0,4,4,4,TSG
PITX2,0,3,1,4,4,ONC
PLAGL1,0,1,3,4,4,TSG
PLP2,0,4,0,4,4,ONC
PMAIP1,3,0,1,4,1,TSG
PPRC1,0,4,0,4,4,ONC
PRSS27,0,4,0,4,4,ONC
PRUNE2,0,0,4,4,4,TSG
PTP4A2,0,4,0,4,4,ONC
PTPRU,0,2,2,4,4,ONC/TSG
PYCARD,0,2,2,4,4,ONC/TSG
RAD51,1,2,1,4,3,ONC/TSG
RAD51AP1,2,2,0,4,2,ONC
RASSF5,0,1,3,4,4,TSG
RECQL5,0,1,3,4,4,TSG
RIT1,0,2,2,4,4,ONC/TSG
RPA1,0,4,0,4,4,ONC
RPL22,1,0,3,4,3,TSG
RRAD,0,0,4,4,4,TSG
RSPO1,0,1,3,4,4,TSG
RUNX1T1,0,2,2,4,4,ONC/TSG
S100P,0,4,0,4,4,ONC
SEC62,0,4,0,4,4,ONC
SELENBP1,0,0,4,4,4,TSG
SEMA3A,0,0,4,4,4,TSG
SFTPC,0,4,0,4,4,ONC
SGK1,0,3,1,4,4,ONC
SH3GL2,0,0,4,4,4,TSG
SHC1,2,2,0,4,2,ONC
SIK2,0,2,2,4,4,ONC/TSG
SIRT5,0,1,3,4,4,TSG
SLC22A18,0,0,4,4,4,TSG
SLC8A2,0,0,4,4,4,TSG
SPAG5,0,4,0,4,4,ONC
SPIB,0,4,0,4,4,ONC
SRCIN1,0,0,4,4,4,TSG
SSX2,0,4,0,4,4,ONC
STAG2,1,0,3,4,3,TSG
STMN1,0,1,3,4,4,TSG
TARBP2,1,3,0,4,3,ONC
TARDBP,0,4,0,4,4,ONC
TFAP2C,1,3,0,4,3,ONC
TFEB,1,3,0,4,3,ONC
THBS2,0,4,0,4,4,ONC
TLR4,2,2,0,4,2,ONC
TMEFF2,0,0,4,4,4,TSG
TMEM176A,0,0,4,4,4,TSG
TMPO,0,4,0,4,4,ONC
TNFRSF14,0,0,4,4,4,TSG
TNFRSF8,0,4,0,4,4,ONC
TNK2,0,4,0,4,4,ONC
TPM1,0,2,2,4,4,ONC/TSG
TPR,1,2,1,4,3,ONC/TSG
TPT1,0,4,0,4,4,ONC
TRIB1,0,4,0,4,4,ONC
TRIM15,0,0,4,4,4,TSG
TRIM16,0,0,4,4,4,TSG
TRIM8,0,2,2,4,4,ONC/TSG
TRIP13,1,3,0,4,3,ONC
TRPM3,0,4,0,4,4,ONC
TRPM7,2,2,0,4,2,ONC
TSC2,2,1,1,4,2,ONC/TSG
TSLP,2,2,0,4,2,ONC
TUSC2,0,0,4,4,4,TSG
UBR5,0,4,0,4,4,ONC
UNC5C,0,0,4,4,4,TSG
USP11,0,1,3,4,4,TSG
USP13,1,2,1,4,3,ONC/TSG
USP7,0,4,0,4,4,ONC
VGLL4,0,1,3,4,4,TSG
WBP2,0,4,0,4,4,ONC
WEE1,0,3,1,4,4,ONC
WRAP53,0,4,0,4,4,ONC
XAF1,0,0,4,4,4,TSG
XBP1,2,2,0,4,2,ONC
YES1,1,3,0,4,3,ONC
ZBTB33,0,3,1,4,4,ONC
ZFP82,0,0,4,4,4,TSG
ZMYND10,0,0,4,4,4,TSG
ZMYND11,0,1,3,4,4,TSG
ZNF322,1,3,0,4,3,ONC
ZNF350,0,1,3,4,4,TSG
ZNF671,0,0,4,4,4,TSG
ABL2,0,3,0,3,3,ONC
ABR,0,0,3,3,3,TSG
ACSL3,1,1,1,3,2,ONC/TSG
ACVR2A,1,0,2,3,2,TSG
ADAM17,1,2,0,3,2,ONC
ADAMTS1,0,0,3,3,3,TSG
ADAMTS15,0,0,3,3,3,TSG
ADAR,0,3,0,3,3,ONC
ADARB1,0,0,3,3,3,TSG
ADRM1,1,2,0,3,2,ONC
AGXT,0,3,0,3,3,ONC
AHRR,0,0,3,3,3,TSG
AKR1C3,1,2,0,3,2,ONC
ALDH1A1,1,2,0,3,2,ONC
ANG,1,1,1,3,2,ONC/TSG
ANGPTL4,1,0,2,3,2,TSG
ANKRD22,0,1,2,3,3,ONC/TSG
ANO1,1,1,1,3,2,ONC/TSG
ANXA10,0,0,3,3,3,TSG
APOA2,0,3,0,3,3,ONC
APOE,2,0,1,3,1,TSG
ARAF,1,2,0,3,2,ONC
ARHGAP26,0,0,3,3,3,TSG
ARHGAP29,0,1,2,3,3,ONC/TSG
ARHGEF1,2,1,0,3,1,ONC
ARHGEF2,0,3,0,3,3,ONC
ARID2,0,0,3,3,3,TSG
ARMCX1,0,1,2,3,3,ONC/TSG
ARRDC3,0,0,3,3,3,TSG
ASXL1,1,1,1,3,2,ONC/TSG
ATAD2,0,3,0,3,3,ONC
ATF4,0,2,1,3,3,ONC/TSG
AURKB,0,3,0,3,3,ONC
BACH1,0,3,0,3,3,ONC
BAG3,0,2,1,3,3,ONC/TSG
BANF1,0,3,0,3,3,ONC
BANP,0,1,2,3,3,ONC/TSG
BASP1,0,2,1,3,3,ONC/TSG
BCL2A1,0,3,0,3,3,ONC
BLMH,0,0,3,3,3,TSG
BMP3,0,0,3,3,3,TSG
BMP5,0,0,3,3,3,TSG
BMP7,0,3,0,3,3,ONC
BRD2,1,2,0,3,2,ONC
CA9,2,1,0,3,1,ONC
CADM4,0,0,3,3,3,TSG
CAMK2N1,0,1,2,3,3,ONC/TSG
CAPNS1,1,2,0,3,2,ONC
CASP3,0,3,0,3,3,ONC
CASP8,0,0,3,3,3,TSG
CBFB,0,2,1,3,3,ONC/TSG
CCDC68,0,2,1,3,3,ONC/TSG
CCNA1,0,3,0,3,3,ONC
CCNE2,0,3,0,3,3,ONC
CCR7,2,1,0,3,1,ONC
CD36,3,0,0,3,0,DRV
CD40LG,0,3,0,3,3,ONC
CD99,0,2,1,3,3,ONC/TSG
CDH12,0,2,1,3,3,ONC/TSG
CDH5,1,2,0,3,2,ONC
CDKN2D,0,2,1,3,3,ONC/TSG
CELF2,0,0,3,3,3,TSG
CENPF,1,2,0,3,2,ONC
CFL1,1,1,1,3,2,ONC/TSG
CFL2,0,0,3,3,3,TSG
CHD4,3,0,0,3,0,DRV
CHEK2,1,0,2,3,2,TSG
CHI3L1,1,2,0,3,2,ONC
CHUK,0,3,0,3,3,ONC
CIAPIN1,0,0,3,3,3,TSG
CIR1,0,1,2,3,3,ONC/TSG
CLDN6,0,0,3,3,3,TSG
CLK2,0,3,0,3,3,ONC
CMTM4,0,0,3,3,3,TSG
CMTM5,0,0,3,3,3,TSG
CMTM8,0,0,3,3,3,TSG
CNTNAP1,1,2,0,3,2,ONC
COL6A1,0,3,0,3,3,ONC
COMP,2,1,0,3,1,ONC
COPS6,0,3,0,3,3,ONC
COX8A,1,2,0,3,2,ONC
CPEB4,0,2,1,3,3,ONC/TSG
CSE1L,0,3,0,3,3,ONC
CSK,0,2,1,3,3,ONC/TSG
CXCL16,2,0,1,3,1,TSG
CXCL5,0,1,2,3,3,ONC/TSG
CYP24A1,0,3,0,3,3,ONC
DACT1,0,1,2,3,3,ONC/TSG
DEGS1,0,3,0,3,3,ONC
DERL1,0,3,0,3,3,ONC
DLEU7,0,0,3,3,3,TSG
DMP1,0,0,3,3,3,TSG
DNM1L,0,3,0,3,3,ONC
DOK1,0,0,3,3,3,TSG
DPEP1,0,0,3,3,3,TSG
DSG2,0,2,1,3,3,ONC/TSG
DUSP22,0,0,3,3,3,TSG
DUSP9,0,0,3,3,3,TSG
DYRK1A,0,1,2,3,3,ONC/TSG
DYRK1B,0,3,0,3,3,ONC
EBF3,1,0,2,3,2,TSG
EDNRB,1,1,1,3,2,ONC/TSG
EGLN3,0,0,3,3,3,TSG
EIF1AX,3,0,0,3,0,DRV
ELF4,0,2,1,3,3,ONC/TSG
EMP1,0,2,1,3,3,ONC/TSG
EMX2,0,0,3,3,3,TSG
ENO1,0,2,1,3,3,ONC/TSG
EPB41,0,0,3,3,3,TSG
EPHA1,0,1,2,3,3,ONC/TSG
ERAS,0,3,0,3,3,ONC
ESPL1,0,3,0,3,3,ONC
EYA1,2,1,0,3,1,ONC
F2R,0,3,0,3,3,ONC
FABP4,1,1,1,3,2,ONC/TSG
FAM168A,0,3,0,3,3,ONC
FERMT2,0,2,1,3,3,ONC/TSG
FGF7,0,3,0,3,3,ONC
FGF9,1,2,0,3,2,ONC
FGFR1OP,0,3,0,3,3,ONC
FGR,0,3,0,3,3,ONC
FIP1L1,0,3,0,3,3,ONC
FOXJ2,0,0,3,3,3,TSG
FOXN3,0,0,3,3,3,TSG
FOXO4,0,0,3,3,3,TSG
FOXS1,0,3,0,3,3,ONC
FRS2,0,3,0,3,3,ONC
FUT8,3,0,0,3,0,DRV
GADD45A,0,0,3,3,3,TSG
GALR2,0,1,2,3,3,ONC/TSG
GAS7,0,1,2,3,3,ONC/TSG
GAST,1,2,0,3,2,ONC
GBP1,0,0,3,3,3,TSG
GJB1,0,0,3,3,3,TSG
GJB5,0,0,3,3,3,TSG
GLIS2,0,2,1,3,3,ONC/TSG
GLS2,0,1,2,3,3,ONC/TSG
GPR132,1,2,0,3,2,ONC
GREM1,1,2,0,3,2,ONC
GRK5,0,2,1,3,3,ONC/TSG
HCAR2,0,0,3,3,3,TSG
HCCS,0,3,0,3,3,ONC
HDAC3,0,2,1,3,3,ONC/TSG
HDAC4,0,3,0,3,3,ONC
HEPACAM,0,0,3,3,3,TSG
HIPK2,0,0,3,3,3,TSG
HK1,2,1,0,3,1,ONC
HNRNPK,0,2,1,3,3,ONC/TSG
HSPD1,0,0,3,3,3,TSG
HTRA3,0,1,2,3,3,ONC/TSG
IDO1,1,2,0,3,2,ONC
IFT88,0,0,3,3,3,TSG
IL18,2,1,0,3,1,ONC
INHA,0,0,3,3,3,TSG
INHBA,0,1,2,3,3,ONC/TSG
INHBE,0,2,1,3,3,ONC/TSG
INPP5F,0,1,2,3,3,ONC/TSG
IQGAP1,0,2,1,3,3,ONC/TSG
IREB2,1,1,1,3,2,ONC/TSG
KAT2B,1,2,0,3,2,ONC
KCNN4,0,3,0,3,3,ONC
KDM5A,0,2,1,3,3,ONC/TSG
KIF11,2,1,0,3,1,ONC
KIF18B,0,3,0,3,3,ONC
KIF20A,0,3,0,3,3,ONC
KIF26B,0,3,0,3,3,ONC
KLF11,0,1,2,3,3,ONC/TSG
KLF12,0,1,2,3,3,ONC/TSG
KLF9,0,0,3,3,3,TSG
KLHL6,0,1,2,3,3,ONC/TSG
KRT19,0,0,3,3,3,TSG
KSR1,1,0,2,3,2,TSG
L3MBTL1,0,0,3,3,3,TSG
LAMB3,0,2,1,3,3,ONC/TSG
LARP4B,0,0,3,3,3,TSG
LDOC1,0,0,3,3,3,TSG
LHX1,0,3,0,3,3,ONC
LLGL1,0,0,3,3,3,TSG
LMO7,0,0,3,3,3,TSG
LRG1,0,1,2,3,3,ONC/TSG
LRRC3B,0,0,3,3,3,TSG
LZTS2,0,1,2,3,3,ONC/TSG
MAFA,0,3,0,3,3,ONC
MAFB,0,3,0,3,3,ONC
MAGEA12,0,3,0,3,3,ONC
MAP2K5,0,3,0,3,3,ONC
MAP3K11,0,1,2,3,3,ONC/TSG
MAP4K4,0,1,2,3,3,ONC/TSG
MAPRE1,0,2,1,3,3,ONC/TSG
MARCKS,0,1,2,3,3,ONC/TSG
MBTPS1,2,1,0,3,1,ONC
MCPH1,0,0,3,3,3,TSG
MED1,0,2,1,3,3,ONC/TSG
MERTK,0,3,0,3,3,ONC
MIA,0,1,2,3,3,ONC/TSG
MIIP,0,0,3,3,3,TSG
MLLT10,2,1,0,3,1,ONC
MME,0,2,1,3,3,ONC/TSG
MSH2,0,1,2,3,3,ONC/TSG
MST1,2,0,1,3,1,TSG
MT1G,0,0,3,3,3,TSG
MYBL1,1,2,0,3,2,ONC
NCAPG,0,3,0,3,3,ONC
NDST4,0,0,3,3,3,TSG
NEK2,2,1,0,3,1,ONC
NETO2,0,3,0,3,3,ONC
NKD2,0,0,3,3,3,TSG
NKX2-3,0,2,1,3,3,ONC/TSG
NKX6-3,0,1,2,3,3,ONC/TSG
NOL7,0,0,3,3,3,TSG
NOS2,0,3,0,3,3,ONC
NOX5,1,1,1,3,2,ONC/TSG
NPC1,0,3,0,3,3,ONC
NPS,0,2,1,3,3,ONC/TSG
NPY,0,3,0,3,3,ONC
NR3C1,0,1,2,3,3,ONC/TSG
NR3C2,0,0,3,3,3,TSG
OLFM4,0,0,3,3,3,TSG
PAEP,0,0,3,3,3,TSG
PAG1,0,1,2,3,3,ONC/TSG
PALB2,2,0,1,3,1,TSG
PAPOLG,0,3,0,3,3,ONC
PARD3,0,1,2,3,3,ONC/TSG
PARP1,0,2,1,3,3,ONC/TSG
PARVG,0,0,3,3,3,TSG
PCBP1,0,0,3,3,3,TSG
PCBP2,0,3,0,3,3,ONC
PCDH9,0,0,3,3,3,TSG
PDE10A,1,2,0,3,2,ONC
PDE4A,2,1,0,3,1,ONC
PDLIM4,0,0,3,3,3,TSG
PEBP1,0,0,3,3,3,TSG
PHOX2B,3,0,0,3,0,DRV
PIAS4,1,1,1,3,2,ONC/TSG
PIK3CB,0,3,0,3,3,ONC
PIK3CD,0,3,0,3,3,ONC
PITX1,0,0,3,3,3,TSG
PKD1,0,1,2,3,3,ONC/TSG
PLK4,0,0,3,3,3,TSG
PNP,0,3,0,3,3,ONC
POSTN,1,1,1,3,2,ONC/TSG
POU4F1,0,3,0,3,3,ONC
PRDM16,0,1,2,3,3,ONC/TSG
PRDM5,0,1,2,3,3,ONC/TSG
PRKAR1A,0,2,1,3,3,ONC/TSG
PRKCA,0,2,1,3,3,ONC/TSG
PRKD1,0,3,0,3,3,ONC
PRSS8,0,0,3,3,3,TSG
PSAT1,0,3,0,3,3,ONC
PSPH,0,3,0,3,3,ONC
PTOV1,1,2,0,3,2,ONC
PTPN2,0,0,3,3,3,TSG
PTPN3,0,2,1,3,3,ONC/TSG
PTPRT,0,1,2,3,3,ONC/TSG
RAB27B,1,2,0,3,2,ONC
RAC3,0,3,0,3,3,ONC
RACGAP1,1,2,0,3,2,ONC
RARB,0,1,2,3,3,ONC/TSG
RASGRP1,1,2,0,3,2,ONC
RBM3,1,2,0,3,2,ONC
RBM4,0,1,2,3,3,ONC/TSG
RBP4,1,1,1,3,2,ONC/TSG
RDM1,0,3,0,3,3,ONC
REG3A,0,2,1,3,3,ONC/TSG
REN,0,2,1,3,3,ONC/TSG
REST,0,3,0,3,3,ONC
RFX1,0,1,2,3,3,ONC/TSG
RIN1,0,0,3,3,3,TSG
RPH3AL,0,0,3,3,3,TSG
RPL10,2,1,0,3,1,ONC
RPL5,0,1,2,3,3,ONC/TSG
RPRD1B,0,3,0,3,3,ONC
RPS6KB1,0,3,0,3,3,ONC
RREB1,1,2,0,3,2,ONC
RRM1,0,2,1,3,3,ONC/TSG
RTEL1,1,1,1,3,2,ONC/TSG
SALL1,0,0,3,3,3,TSG
SAPCD2,0,3,0,3,3,ONC
SCARA3,0,0,3,3,3,TSG
SCRIB,0,1,2,3,3,ONC/TSG
SEMA3C,2,1,0,3,1,ONC
SEMA5A,1,0,2,3,2,TSG
SESN2,0,2,1,3,3,ONC/TSG
SH2B3,0,1,2,3,3,ONC/TSG
SHMT2,2,1,0,3,1,ONC
SHPRH,0,0,3,3,3,TSG
SIN3A,0,1,2,3,3,ONC/TSG
SIRT4,0,0,3,3,3,TSG
SLC12A5,0,3,0,3,3,ONC
SLC1A5,0,3,0,3,3,ONC
SLC35F2,0,3,0,3,3,ONC
SLC6A7,0,3,0,3,3,ONC
SLIT3,0,0,3,3,3,TSG
SMURF1,0,3,0,3,3,ONC
SND1,0,3,0,3,3,ONC
SOCS2,0,3,0,3,3,ONC
SOD1,2,0,1,3,1,TSG
SOX12,0,3,0,3,3,ONC
SOX18,0,3,0,3,3,ONC
SOX30,0,0,3,3,3,TSG
SPARCL1,0,0,3,3,3,TSG
SPHK2,0,3,0,3,3,ONC
SPINK5,0,0,3,3,3,TSG
SPP1,1,1,1,3,2,ONC/TSG
SPRED1,2,0,1,3,1,TSG
SQLE,0,3,0,3,3,ONC
SREBF1,1,2,0,3,2,ONC
SRSF3,0,3,0,3,3,ONC
SRSF5,0,3,0,3,3,ONC
ST7L,0,1,2,3,3,ONC/TSG
STARD8,0,0,3,3,3,TSG
STC2,0,2,1,3,3,ONC/TSG
STEAP3,0,1,2,3,3,ONC/TSG
STK39,0,3,0,3,3,ONC
STYK1,0,3,0,3,3,ONC
SUN2,0,0,3,3,3,TSG
TAL2,0,3,0,3,3,ONC
TBX21,1,2,0,3,2,ONC
TCF7L2,0,3,0,3,3,ONC
TCHP,0,0,3,3,3,TSG
TDP2,0,3,0,3,3,ONC
TFAP2B,1,1,1,3,2,ONC/TSG
TFE3,2,1,0,3,1,ONC
TGIF1,0,1,2,3,3,ONC/TSG
TH,3,0,0,3,0,DRV
TIAM1,1,2,0,3,2,ONC
TLE4,0,0,3,3,3,TSG
TMEM106A,0,0,3,3,3,TSG
TMEM127,0,0,3,3,3,TSG
TMPRSS2,0,3,0,3,3,ONC
TNC,1,2,0,3,2,ONC
TNFAIP8,0,2,1,3,3,ONC/TSG
TOX3,0,0,3,3,3,TSG
TRAF4,0,3,0,3,3,ONC
TRAP1,2,1,0,3,1,ONC
TRIM13,0,0,3,3,3,TSG
TRIM26,0,0,3,3,3,TSG
TRIM31,0,1,2,3,3,ONC/TSG
TRPV1,1,0,2,3,2,TSG
TSPAN8,0,3,0,3,3,ONC
TSPYL2,0,1,2,3,3,ONC/TSG
TWIST2,0,1,2,3,3,ONC/TSG
TXN,0,2,1,3,3,ONC/TSG
TYRO3,0,3,0,3,3,ONC
UBAP2L,0,3,0,3,3,ONC
UBIAD1,0,0,3,3,3,TSG
UHRF2,0,1,2,3,3,ONC/TSG
UPK1A,0,0,3,3,3,TSG
USP10,0,1,2,3,3,ONC/TSG
USP6,0,3,0,3,3,ONC
VEGFC,0,3,0,3,3,ONC
VPS4A,0,0,3,3,3,TSG
WDR5,0,3,0,3,3,ONC
WNK2,1,0,2,3,2,TSG
WNT10B,0,3,0,3,3,ONC
WNT3A,1,2,0,3,2,ONC
WRN,0,0,3,3,3,TSG
XPO4,0,0,3,3,3,TSG
ZBP1,0,2,1,3,3,ONC/TSG
ZFX,0,3,0,3,3,ONC
ZKSCAN3,2,1,0,3,1,ONC
ZMAT3,0,3,0,3,3,ONC
ZNF24,0,1,2,3,3,ONC/TSG
ZNF292,0,0,3,3,3,TSG
ZNF382,0,0,3,3,3,TSG
ZNF423,0,3,0,3,3,ONC
ZYX,0,0,3,3,3,TSG
A1CF,0,2,0,2,2,ONC
ABCB4,0,0,2,2,2,TSG
ABCG1,0,2,0,2,2,ONC
ABCG2,1,1,0,2,1,ONC
ABI1,0,0,2,2,2,TSG
ACSL4,0,0,2,2,2,TSG
ACSL6,0,0,2,2,2,TSG
ACY1,0,0,2,2,2,TSG
ADA,0,2,0,2,2,ONC
ADAM9,0,2,0,2,2,ONC
ADAMTS18,0,0,2,2,2,TSG
ADM,1,1,0,2,1,ONC
AFAP1L1,0,2,0,2,2,ONC
AFP,1,1,0,2,1,ONC
AGAP2,0,2,0,2,2,ONC
AGER,0,2,0,2,2,ONC
AGK,0,2,0,2,2,ONC
AICDA,1,1,0,2,1,ONC
AIP,0,0,2,2,2,TSG
AKAP13,0,2,0,2,2,ONC
AKIP1,0,2,0,2,2,ONC
ALOX15B,0,0,2,2,2,TSG
ALOX5,0,2,0,2,2,ONC
AMFR,0,1,1,2,2,ONC/TSG
ANP32A,0,0,2,2,2,TSG
ANTXR2,0,2,0,2,2,ONC
ANXA4,0,0,2,2,2,TSG
APC2,0,0,2,2,2,TSG
APP,0,2,0,2,2,ONC
ARC,0,1,1,2,2,ONC/TSG
ARCN1,2,0,0,2,0,DRV
ARG2,1,0,1,2,1,TSG
ARHGAP17,0,0,2,2,2,TSG
ARHGAP24,0,0,2,2,2,TSG
ARHGDIA,0,0,2,2,2,TSG
ARHGEF12,0,0,2,2,2,TSG
ARHGEF5,0,2,0,2,2,ONC
ARID5B,0,2,0,2,2,ONC
ARL2,0,2,0,2,2,ONC
ARPC5,0,2,0,2,2,ONC
ASPSCR1,0,2,0,2,2,ONC
ASS1,0,0,2,2,2,TSG
ASXL3,0,2,0,2,2,ONC
AURKC,0,2,0,2,2,ONC
B4GALT3,0,2,0,2,2,ONC
BAALC,0,2,0,2,2,ONC
BACH2,0,0,2,2,2,TSG
BAK1,0,1,1,2,2,ONC/TSG
BATF2,0,0,2,2,2,TSG
BBS9,0,1,1,2,2,ONC/TSG
BCAR1,1,1,0,2,1,ONC
BCHE,0,2,0,2,2,ONC
BCL2L14,0,2,0,2,2,ONC
BCL7A,0,0,2,2,2,TSG
BCORL1,0,1,1,2,2,ONC/TSG
BLID,0,0,2,2,2,TSG
BMP2,0,1,1,2,2,ONC/TSG
BMPR2,0,2,0,2,2,ONC
BPTF,1,1,0,2,1,ONC
BRD3,2,0,0,2,0,DRV
BRD9,0,1,1,2,2,ONC/TSG
BZW2,0,2,0,2,2,ONC
CA4,0,0,2,2,2,TSG
CABLES1,0,0,2,2,2,TSG
CACNA1A,0,0,2,2,2,TSG
CADM3,0,0,2,2,2,TSG
CAPG,0,2,0,2,2,ONC
CAPN1,0,0,2,2,2,TSG
CAV2,0,1,1,2,2,ONC/TSG
CBLL1,0,2,0,2,2,ONC
CBY1,0,0,2,2,2,TSG
CCK,0,2,0,2,2,ONC
CCKBR,1,0,1,2,1,TSG
CCL2,2,0,0,2,0,DRV
CCL21,0,2,0,2,2,ONC
CCL3,2,0,0,2,0,DRV
CCNB2,0,2,0,2,2,ONC
CCNDBP1,0,0,2,2,2,TSG
CCR4,2,0,0,2,0,DRV
CCR5,0,1,1,2,2,ONC/TSG
CD33,0,2,0,2,2,ONC
CD38,1,1,0,2,1,ONC
CD63,0,0,2,2,2,TSG
CD82,0,0,2,2,2,TSG
CDC25B,0,2,0,2,2,ONC
CDC37,0,2,0,2,2,ONC
CDC5L,1,1,0,2,1,ONC
CDCA5,0,2,0,2,2,ONC
CDCA7,0,2,0,2,2,ONC
CDCP1,0,2,0,2,2,ONC
CDK11B,0,0,2,2,2,TSG
CDK20,0,2,0,2,2,ONC
CDO1,0,0,2,2,2,TSG
CDON,0,1,1,2,2,ONC/TSG
CDR1,0,0,2,2,2,TSG
CDX1,0,0,2,2,2,TSG
CEACAM6,0,2,0,2,2,ONC
CEBPB,0,2,0,2,2,ONC
CELF1,1,0,1,2,1,TSG
CERS2,0,0,2,2,2,TSG
CHRDL1,0,0,2,2,2,TSG
CIITA,0,2,0,2,2,ONC
CISD2,0,2,0,2,2,ONC
CKAP2,0,2,0,2,2,ONC
CKAP5,0,2,0,2,2,ONC
CLDN11,0,0,2,2,2,TSG
CLDN3,1,1,0,2,1,ONC
CLEC4C,0,0,2,2,2,TSG
CLIC3,0,2,0,2,2,ONC
CLIC4,0,0,2,2,2,TSG
CLTC,1,1,0,2,1,ONC
CMIP,0,2,0,2,2,ONC
CNN1,0,0,2,2,2,TSG
CNOT1,0,2,0,2,2,ONC
CNTD2,1,1,0,2,1,ONC
CNTF,0,2,0,2,2,ONC
CNTN4,0,0,2,2,2,TSG
COL1A1,0,1,1,2,2,ONC/TSG
COL1A2,0,2,0,2,2,ONC
COL3A1,0,2,0,2,2,ONC
CPNE1,0,2,0,2,2,ONC
CRABP2,0,1,1,2,2,ONC/TSG
CREM,0,2,0,2,2,ONC
CRIP2,0,0,2,2,2,TSG
CRK,0,2,0,2,2,ONC
CRNN,0,0,2,2,2,TSG
CRTC2,0,0,2,2,2,TSG
CSMD2,0,0,2,2,2,TSG
CSNK1A1,0,0,2,2,2,TSG
CSTA,0,0,2,2,2,TSG
CT45A1,0,2,0,2,2,ONC
CTAG1A,0,2,0,2,2,ONC
CTR9,0,0,2,2,2,TSG
CUEDC2,0,0,2,2,2,TSG
CUL3,1,0,1,2,1,TSG
CUL4B,0,2,0,2,2,ONC
CXCR2,0,2,0,2,2,ONC
CYP19A1,1,0,1,2,1,TSG
CYP26A1,0,2,0,2,2,ONC
CYSLTR2,0,2,0,2,2,ONC
DAPK2,0,0,2,2,2,TSG
DCDC2,1,0,1,2,1,TSG
DCX,0,1,1,2,2,ONC/TSG
DDX41,0,0,2,2,2,TSG
DDX6,0,2,0,2,2,ONC
DENND2D,0,0,2,2,2,TSG
DEPDC1,1,1,0,2,1,ONC
DES,0,2,0,2,2,ONC
DIRAS2,0,1,1,2,2,ONC/TSG
DISC1,0,2,0,2,2,ONC
DKK2,0,0,2,2,2,TSG
DMTF1,0,0,2,2,2,TSG
DNAJA3,0,0,2,2,2,TSG
DOCK1,2,0,0,2,0,DRV
DPYSL3,1,1,0,2,1,ONC
DSC3,0,0,2,2,2,TSG
DSG3,0,1,1,2,2,ONC/TSG
DSP,0,0,2,2,2,TSG
DUSP26,0,0,2,2,2,TSG
DUSP5,0,1,1,2,2,ONC/TSG
DYNLT3,0,2,0,2,2,ONC
E2F8,0,2,0,2,2,ONC
ECD,0,1,1,2,2,ONC/TSG
EEF2K,0,2,0,2,2,ONC
EFS,0,1,1,2,2,ONC/TSG
EGFL7,0,1,1,2,2,ONC/TSG
EGLN2,0,1,1,2,2,ONC/TSG
EGR3,0,1,1,2,2,ONC/TSG
EHD2,0,0,2,2,2,TSG
EHD3,0,0,2,2,2,TSG
EIF4A3,0,2,0,2,2,ONC
ELAC2,0,0,2,2,2,TSG
ELK4,0,2,0,2,2,ONC
ELL2,0,1,1,2,2,ONC/TSG
ENPEP,1,0,1,2,1,TSG
ENPP2,0,1,1,2,2,ONC/TSG
EOMES,0,0,2,2,2,TSG
EPHA5,0,0,2,2,2,TSG
EPN3,0,2,0,2,2,ONC
EREG,0,2,0,2,2,ONC
ESCO2,0,0,2,2,2,TSG
ESRRB,1,0,1,2,1,TSG
ESRRG,0,0,2,2,2,TSG
ETV7,0,1,1,2,2,ONC/TSG
FAM83A,0,2,0,2,2,ONC
FBXO4,0,0,2,2,2,TSG
FBXW5,0,2,0,2,2,ONC
FERMT1,0,2,0,2,2,ONC
FGA,0,2,0,2,2,ONC
FGF1,0,2,0,2,2,ONC
FGF10,1,1,0,2,1,ONC
FGF19,1,1,0,2,1,ONC
FHL1,0,1,1,2,2,ONC/TSG
FILIP1L,0,1,1,2,2,ONC/TSG
FKBP2,0,2,0,2,2,ONC
FKBP5,0,0,2,2,2,TSG
FLNA,1,0,1,2,1,TSG
FLRT2,0,0,2,2,2,TSG
FN1,0,2,0,2,2,ONC
FOXD1,0,2,0,2,2,ONC
FOXL1,0,0,2,2,2,TSG
FOXL2,0,0,2,2,2,TSG
FOXN2,0,0,2,2,2,TSG
FPR1,0,1,1,2,2,ONC/TSG
FRZB,0,1,1,2,2,ONC/TSG
FSTL5,0,0,2,2,2,TSG
GABARAP,0,0,2,2,2,TSG
GADD45B,0,2,0,2,2,ONC
GATAD2B,2,0,0,2,0,DRV
GBX2,0,2,0,2,2,ONC
GDNF,0,2,0,2,2,ONC
GGNBP2,0,0,2,2,2,TSG
GLO1,0,0,2,2,2,TSG
GNG7,0,0,2,2,2,TSG
GOPC,0,2,0,2,2,ONC
GPR161,0,0,2,2,2,TSG
GPR65,0,0,2,2,2,TSG
GPR87,0,2,0,2,2,ONC
GRHL3,0,0,2,2,2,TSG
GSPT1,0,2,0,2,2,ONC
GTF2B,0,0,2,2,2,TSG
GTF2I,0,2,0,2,2,ONC
HBEGF,2,0,0,2,0,DRV
HERC4,0,2,0,2,2,ONC
HES1,0,2,0,2,2,ONC
HES6,1,1,0,2,1,ONC
HEXIM1,0,0,2,2,2,TSG
HINT1,0,0,2,2,2,TSG
HIP1,0,2,0,2,2,ONC
HIPK1,1,1,0,2,1,ONC
HLA-C,0,2,0,2,2,ONC
HLF,1,1,0,2,1,ONC
HMGCS2,0,0,2,2,2,TSG
HMOX1,0,2,0,2,2,ONC
HNRNPD,0,2,0,2,2,ONC
HOXA4,0,1,1,2,2,ONC/TSG
HOXB3,1,0,1,2,1,TSG
HOXB5,0,2,0,2,2,ONC
HOXC13,0,2,0,2,2,ONC
HOXD9,0,2,0,2,2,ONC
HPSE,1,1,0,2,1,ONC
HSPG2,1,1,0,2,1,ONC
HUWE1,0,0,2,2,2,TSG
HYAL1,0,1,1,2,2,ONC/TSG
HYAL2,0,0,2,2,2,TSG
IBSP,0,2,0,2,2,ONC
ICOSLG,1,1,0,2,1,ONC
IFITM3,0,2,0,2,2,ONC
IHH,0,2,0,2,2,ONC
IKBKG,1,1,0,2,1,ONC
IKZF2,1,0,1,2,1,TSG
IKZF3,2,0,0,2,0,DRV
IL13,0,2,0,2,2,ONC
IL17RB,0,2,0,2,2,ONC
IL1RAPL1,1,0,1,2,1,TSG
IL2RG,0,2,0,2,2,ONC
IL32,0,0,2,2,2,TSG
IL33,0,0,2,2,2,TSG
ING2,0,0,2,2,2,TSG
INO80,0,2,0,2,2,ONC
INPP5J,0,0,2,2,2,TSG
IRAK1,0,2,0,2,2,ONC
ISG15,0,1,1,2,2,ONC/TSG
IST1,0,2,0,2,2,ONC
ISX,0,2,0,2,2,ONC
ITGA7,0,0,2,2,2,TSG
ITLN1,0,0,2,2,2,TSG
ITM2A,0,0,2,2,2,TSG
JAG1,0,2,0,2,2,ONC
JAK1,2,0,0,2,0,DRV
JAM3,0,0,2,2,2,TSG
KAT5,0,0,2,2,2,TSG
KCNH2,0,2,0,2,2,ONC
KCNK9,0,2,0,2,2,ONC
KCNMA1,0,1,1,2,2,ONC/TSG
KDM5D,0,0,2,2,2,TSG
KIAA1324,0,0,2,2,2,TSG
KIF1B,0,2,0,2,2,ONC
KIF20B,0,2,0,2,2,ONC
KIF5A,1,1,0,2,1,ONC
KLK6,0,0,2,2,2,TSG
KPNA2,0,2,0,2,2,ONC
KRT14,0,2,0,2,2,ONC
KRT18,0,1,1,2,2,ONC/TSG
KRT7,0,1,1,2,2,ONC/TSG
L3MBTL4,0,0,2,2,2,TSG
LAMC2,0,1,1,2,2,ONC/TSG
LAMP3,0,2,0,2,2,ONC
LBH,0,0,2,2,2,TSG
LCK,1,1,0,2,1,ONC
LDHA,0,2,0,2,2,ONC
LDHB,0,1,1,2,2,ONC/TSG
LEF1,0,2,0,2,2,ONC
LETM1,0,0,2,2,2,TSG
LGMN,0,2,0,2,2,ONC
LHX3,0,2,0,2,2,ONC
LHX9,0,0,2,2,2,TSG
LIF,0,0,2,2,2,TSG
LIMD1,0,0,2,2,2,TSG
LITAF,0,0,2,2,2,TSG
LMCD1,0,2,0,2,2,ONC
LMTK3,0,2,0,2,2,ONC
LOXL2,1,1,0,2,1,ONC
LPL,0,1,1,2,2,ONC/TSG
LRIG2,0,1,1,2,2,ONC/TSG
LRIG3,0,0,2,2,2,TSG
LRP1,0,1,1,2,2,ONC/TSG
LRRN2,0,2,0,2,2,ONC
LTBP2,0,2,0,2,2,ONC
LUM,1,1,0,2,1,ONC
LYVE1,0,2,0,2,2,ONC
LZTR1,1,0,1,2,1,TSG
MAEL,0,2,0,2,2,ONC
MAGI3,0,1,1,2,2,ONC/TSG
MAP3K9,1,0,1,2,1,TSG
MAP4K1,0,0,2,2,2,TSG
MAPK4,0,1,1,2,2,ONC/TSG
MAPKAPK2,1,1,0,2,1,ONC
MAPT,0,2,0,2,2,ONC
MAVS,1,1,0,2,1,ONC
MCM10,0,2,0,2,2,ONC
MCM3AP,0,2,0,2,2,ONC
MCRS1,0,2,0,2,2,ONC
METTL14,0,0,2,2,2,TSG
MFGE8,2,0,0,2,0,DRV
MGAT5,0,2,0,2,2,ONC
MGLL,0,1,1,2,2,ONC/TSG
MIB2,0,0,2,2,2,TSG
MLANA,0,2,0,2,2,ONC
MLXIP,1,1,0,2,1,ONC
MMP12,0,2,0,2,2,ONC
MMP13,0,2,0,2,2,ONC
MMP3,0,2,0,2,2,ONC
MPO,0,2,0,2,2,ONC
MPPED2,0,1,1,2,2,ONC/TSG
MS4A1,0,2,0,2,2,ONC
MSC,2,0,0,2,0,DRV
MSH6,0,1,1,2,2,ONC/TSG
MSMP,0,2,0,2,2,ONC
MT1M,0,1,1,2,2,ONC/TSG
MTBP,0,2,0,2,2,ONC
MTCP1,0,2,0,2,2,ONC
MUC5B,0,2,0,2,2,ONC
MYBBP1A,0,1,1,2,2,ONC/TSG
MYLK,0,2,0,2,2,ONC
MYO18A,2,0,0,2,0,DRV
MYOF,1,1,0,2,1,ONC
NBPF1,0,0,2,2,2,TSG
NCALD,0,2,0,2,2,ONC
NCAPG2,1,1,0,2,1,ONC
NCOR2,0,1,1,2,2,ONC/TSG
NDN,0,0,2,2,2,TSG
NEDD4,0,2,0,2,2,ONC
NEDD4L,0,0,2,2,2,TSG
NEUROD2,0,0,2,2,2,TSG
NGB,0,0,2,2,2,TSG
NIT2,0,2,0,2,2,ONC
NKX6-2,0,0,2,2,2,TSG
NLRC4,2,0,0,2,0,DRV
NLRP3,2,0,0,2,0,DRV
NME2,0,2,0,2,2,ONC
NMU,0,2,0,2,2,ONC
NOD1,0,0,2,2,2,TSG
NOS1AP,0,0,2,2,2,TSG
NOVA1,0,2,0,2,2,ONC
NRARP,0,2,0,2,2,ONC
NRBP1,0,0,2,2,2,TSG
NRIP1,1,0,1,2,1,TSG
NT5C1A,0,2,0,2,2,ONC
NUDT1,1,1,0,2,1,ONC
NUSAP1,1,1,0,2,1,ONC
OCM,0,2,0,2,2,ONC
OGN,0,1,1,2,2,ONC/TSG
OIP5,0,2,0,2,2,ONC
ONECUT2,2,0,0,2,0,DRV
OPTN,1,0,1,2,1,TSG
ORAI3,0,2,0,2,2,ONC
OSCP1,0,0,2,2,2,TSG
OTUB1,0,2,0,2,2,ONC
OTUB2,1,1,0,2,1,ONC
OTUD3,0,1,1,2,2,ONC/TSG
OXCT2,0,1,1,2,2,ONC/TSG
P2RY2,0,2,0,2,2,ONC
PABPC1,0,2,0,2,2,ONC
PAPPA,1,1,0,2,1,ONC
PARP4,0,0,2,2,2,TSG
PARP9,0,1,1,2,2,ONC/TSG
PARVA,0,2,0,2,2,ONC
PAX1,0,0,2,2,2,TSG
PAX4,0,0,2,2,2,TSG
PBX3,0,1,1,2,2,ONC/TSG
PCM1,0,1,1,2,2,ONC/TSG
PCNP,0,0,2,2,2,TSG
PDCD2,0,0,2,2,2,TSG
PDCD6,1,0,1,2,1,TSG
PDK3,0,2,0,2,2,ONC
PDPN,0,2,0,2,2,ONC
PDRG1,0,2,0,2,2,ONC
PDSS2,0,0,2,2,2,TSG
PEA15,0,0,2,2,2,TSG
PEG10,0,2,0,2,2,ONC
PEG3,0,0,2,2,2,TSG
PES1,0,2,0,2,2,ONC
PGF,1,1,0,2,1,ONC
PGK1,1,1,0,2,1,ONC
PGR,0,1,1,2,2,ONC/TSG
PHC3,0,0,2,2,2,TSG
PHF19,0,2,0,2,2,ONC
PHF5A,1,1,0,2,1,ONC
PIAS1,0,0,2,2,2,TSG
PICALM,1,1,0,2,1,ONC
PIGT,0,2,0,2,2,ONC
PIWIL4,0,2,0,2,2,ONC
PKP1,0,0,2,2,2,TSG
PLA2R1,0,0,2,2,2,TSG
PLAT,2,0,0,2,0,DRV
PLAU,0,2,0,2,2,ONC
PLAUR,0,1,1,2,2,ONC/TSG
PLCD1,0,0,2,2,2,TSG
PLG,0,2,0,2,2,ONC
PLIN1,1,0,1,2,1,TSG
PLK5,0,0,2,2,2,TSG
PLOD3,0,2,0,2,2,ONC
PMP22,0,1,1,2,2,ONC/TSG
POLQ,0,0,2,2,2,TSG
POMC,0,1,1,2,2,ONC/TSG
POU2F2,1,0,1,2,1,TSG
POU4F2,0,2,0,2,2,ONC
POU6F2,0,0,2,2,2,TSG
PPARGC1A,0,0,2,2,2,TSG
PPP1R13B,0,0,2,2,2,TSG
PPP2R1A,1,1,0,2,1,ONC
PPP2R1B,0,0,2,2,2,TSG
PRAME,0,0,2,2,2,TSG
PRCC,0,2,0,2,2,ONC
PREB,0,2,0,2,2,ONC
PRG3,1,1,0,2,1,ONC
PRKD3,0,2,0,2,2,ONC
PRLR,0,2,0,2,2,ONC
PRMT1,0,2,0,2,2,ONC
PRMT6,0,2,0,2,2,ONC
PRODH,0,1,1,2,2,ONC/TSG
PROS1,1,0,1,2,1,TSG
PRSS50,0,2,0,2,2,ONC
PSAP,0,1,1,2,2,ONC/TSG
PSMC3IP,0,1,1,2,2,ONC/TSG
PTCD3,0,2,0,2,2,ONC
PTCH2,1,1,0,2,1,ONC
PTGES,0,2,0,2,2,ONC
PTGR2,0,2,0,2,2,ONC
PTPN14,0,0,2,2,2,TSG
PTPRA,0,1,1,2,2,ONC/TSG
PTPRB,0,0,2,2,2,TSG
PTPRF,0,0,2,2,2,TSG
PUM1,0,2,0,2,2,ONC
PYGO2,1,1,0,2,1,ONC
QRSL1,0,2,0,2,2,ONC
RAB18,0,1,1,2,2,ONC/TSG
RAB1B,0,1,1,2,2,ONC/TSG
RAB23,0,2,0,2,2,ONC
RAB2A,1,1,0,2,1,ONC
RAB3A,0,2,0,2,2,ONC
RAB3D,0,1,1,2,2,ONC/TSG
RAB3IP,0,2,0,2,2,ONC
RABGEF1,0,2,0,2,2,ONC
RABL3,0,2,0,2,2,ONC
RAC2,0,2,0,2,2,ONC
RAD17,0,0,2,2,2,TSG
RALB,2,0,0,2,0,DRV
RAP1B,0,2,0,2,2,ONC
RAP2B,0,2,0,2,2,ONC
RASGRF1,0,2,0,2,2,ONC
RASGRP2,0,2,0,2,2,ONC
RASL12,0,1,1,2,2,ONC/TSG
RB1CC1,1,0,1,2,1,TSG
RBBP8,0,0,2,2,2,TSG
RBCK1,2,0,0,2,0,DRV
RBM10,0,1,1,2,2,ONC/TSG
RBM8A,0,2,0,2,2,ONC
RBMY1A1,0,1,1,2,2,ONC/TSG
RBP1,0,0,2,2,2,TSG
RBP2,0,2,0,2,2,ONC
RCC1,0,0,2,2,2,TSG
RDH10,0,2,0,2,2,ONC
RFC2,0,1,1,2,2,ONC/TSG
RFC5,0,2,0,2,2,ONC
RFX6,2,0,0,2,0,DRV
RGMB,0,2,0,2,2,ONC
RGR,0,2,0,2,2,ONC
RGS17,0,1,1,2,2,ONC/TSG
RHCG,0,0,2,2,2,TSG
RINT1,0,2,0,2,2,ONC
RIPK4,0,1,1,2,2,ONC/TSG
RNF111,0,0,2,2,2,TSG
RNF128,1,0,1,2,1,TSG
RNF187,1,1,0,2,1,ONC
ROCK2,0,2,0,2,2,ONC
RPGRIP1L,0,0,2,2,2,TSG
RPL23,0,2,0,2,2,ONC
RPL39,0,2,0,2,2,ONC
RPS7,0,0,2,2,2,TSG
RRM2B,0,2,0,2,2,ONC
RTL1,1,1,0,2,1,ONC
RYBP,0,1,1,2,2,ONC/TSG
S1PR3,2,0,0,2,0,DRV
SAMD9,0,0,2,2,2,TSG
SAV1,0,0,2,2,2,TSG
SBSN,0,2,0,2,2,ONC
SCARA5,0,0,2,2,2,TSG
SCD,0,1,1,2,2,ONC/TSG
SCGB3A1,0,0,2,2,2,TSG
SCUBE2,0,0,2,2,2,TSG
SDHD,0,0,2,2,2,TSG
SEC63,0,0,2,2,2,TSG
SEL1L,0,0,2,2,2,TSG
SEMA4D,1,1,0,2,1,ONC
SEMA6A,0,1,1,2,2,ONC/TSG
SEMA6D,0,2,0,2,2,ONC
SENP1,1,1,0,2,1,ONC
SERPIND1,0,2,0,2,2,ONC
SERPINE1,0,1,1,2,2,ONC/TSG
SERPINE2,1,1,0,2,1,ONC
SERPINF1,1,0,1,2,1,TSG
SFPQ,0,2,0,2,2,ONC
SFRP4,0,0,2,2,2,TSG
SH3GLB1,0,1,1,2,2,ONC/TSG
SHCBP1,0,2,0,2,2,ONC
SIAH1,0,0,2,2,2,TSG
SLC16A3,1,1,0,2,1,ONC
SLC17A7,0,0,2,2,2,TSG
SLC39A6,1,1,0,2,1,ONC
SLC9A1,1,0,1,2,1,TSG
SLCO1B3,2,0,0,2,0,DRV
SLURP1,0,1,1,2,2,ONC/TSG
SMAD7,0,2,0,2,2,ONC
SMARCA5,0,2,0,2,2,ONC
SMG1,0,0,2,2,2,TSG
SMTNL1,2,0,0,2,0,DRV
SMUG1,1,1,0,2,1,ONC
SNX10,0,0,2,2,2,TSG
SOS1,0,2,0,2,2,ONC
SP7,0,0,2,2,2,TSG
SPINK1,1,1,0,2,1,ONC
SPINK7,0,0,2,2,2,TSG
SPON2,0,2,0,2,2,ONC
SREBF2,0,1,1,2,2,ONC/TSG
SRSF2,1,1,0,2,1,ONC
SRSF6,0,2,0,2,2,ONC
SSTR2,0,0,2,2,2,TSG
ST13,0,0,2,2,2,TSG
ST7,0,0,2,2,2,TSG
STAT5B,2,0,0,2,0,DRV
STAT6,0,2,0,2,2,ONC
STC1,0,2,0,2,2,ONC
STK17B,0,0,2,2,2,TSG
STK19,2,0,0,2,0,DRV
STK24,0,2,0,2,2,ONC
STRN,2,0,0,2,0,DRV
SUV39H1,0,1,1,2,2,ONC/TSG
SUV39H2,0,2,0,2,2,ONC
SYCP3,0,2,0,2,2,ONC
SYNM,1,0,1,2,1,TSG
SYT7,0,2,0,2,2,ONC
TACR1,1,0,1,2,1,TSG
TAF9,0,1,1,2,2,ONC/TSG
TAGLN2,0,1,1,2,2,ONC/TSG
TBC1D24,0,2,0,2,2,ONC
TBL1XR1,0,1,1,2,2,ONC/TSG
TBRG1,0,0,2,2,2,TSG
TC2N,0,2,0,2,2,ONC
TCEA3,0,0,2,2,2,TSG
TCEAL7,0,0,2,2,2,TSG
TCL1B,0,2,0,2,2,ONC
TCP10L,0,0,2,2,2,TSG
TELO2,0,2,0,2,2,ONC
TFF2,0,0,2,2,2,TSG
TFRC,0,2,0,2,2,ONC
TGFBR1,1,1,0,2,1,ONC
TGFBR2,0,0,2,2,2,TSG
TGFBR3,0,1,1,2,2,ONC/TSG
TGM2,1,1,0,2,1,ONC
THPO,0,2,0,2,2,ONC
TIA1,0,2,0,2,2,ONC
TIMELESS,0,2,0,2,2,ONC
TJP1,0,1,1,2,2,ONC/TSG
TLN1,0,1,1,2,2,ONC/TSG
TM4SF1,0,1,1,2,2,ONC/TSG
TM9SF2,0,2,0,2,2,ONC
TMED2,0,2,0,2,2,ONC
TMEM106B,1,1,0,2,1,ONC
TMEM158,0,2,0,2,2,ONC
TMEM207,0,1,1,2,2,ONC/TSG
TMEM45A,0,2,0,2,2,ONC
TMEM45B,0,2,0,2,2,ONC
TMEM71,0,2,0,2,2,ONC
TMEM74,0,2,0,2,2,ONC
TMEM8B,0,0,2,2,2,TSG
TMPRSS11A,0,0,2,2,2,TSG
TNFAIP1,0,0,2,2,2,TSG
TNFAIP8L1,0,1,1,2,2,ONC/TSG
TNFAIP8L3,0,2,0,2,2,ONC
TNFRSF10B,0,1,1,2,2,ONC/TSG
TNFRSF11B,1,1,0,2,1,ONC
TNFRSF12A,1,0,1,2,1,TSG
TNFRSF13B,1,1,0,2,1,ONC
TNFRSF19,1,1,0,2,1,ONC
TOM1L1,0,2,0,2,2,ONC
TOP2A,1,1,0,2,1,ONC
TOP3A,0,2,0,2,2,ONC
TOX,1,1,0,2,1,ONC
TPO,1,1,0,2,1,ONC
TPPP3,0,2,0,2,2,ONC
TRADD,0,2,0,2,2,ONC
TREH,0,2,0,2,2,ONC
TRIM21,0,0,2,2,2,TSG
TRIM35,0,0,2,2,2,TSG
TRIM62,0,1,1,2,2,ONC/TSG
TRIM63,0,2,0,2,2,ONC
TRIM65,0,2,0,2,2,ONC
TSPAN1,0,2,0,2,2,ONC
TSPO,0,2,0,2,2,ONC
TTBK2,0,2,0,2,2,ONC
TTK,1,1,0,2,1,ONC
TUSC1,0,0,2,2,2,TSG
TXNRD2,1,1,0,2,1,ONC
TYK2,0,2,0,2,2,ONC
U2AF1,0,2,0,2,2,ONC
UBD,0,2,0,2,2,ONC
UBE2QL1,0,0,2,2,2,TSG
UBE2T,0,2,0,2,2,ONC
UBE4B,0,2,0,2,2,ONC
UFC1,0,2,0,2,2,ONC
UFL1,0,1,1,2,2,ONC/TSG
UNC5B,0,1,1,2,2,ONC/TSG
UROD,0,1,1,2,2,ONC/TSG
USF2,0,0,2,2,2,TSG
USP17L2,1,0,1,2,1,TSG
USP21,0,2,0,2,2,ONC
USP28,0,1,1,2,2,ONC/TSG
USP37,0,1,1,2,2,ONC/TSG
USP5,0,2,0,2,2,ONC
USP54,0,2,0,2,2,ONC
VASH2,1,1,0,2,1,ONC
VASN,0,1,1,2,2,ONC/TSG
VASP,0,2,0,2,2,ONC
VENTX,0,0,2,2,2,TSG
VOPP1,0,2,0,2,2,ONC
VPS33B,0,0,2,2,2,TSG
WASF3,1,0,1,2,1,TSG
WASL,0,2,0,2,2,ONC
WDR11,0,0,2,2,2,TSG
WDR54,0,2,0,2,2,ONC
WIPF1,0,2,0,2,2,ONC
WNT2,0,2,0,2,2,ONC
WNT2B,0,2,0,2,2,ONC
WNT6,0,2,0,2,2,ONC
WNT7B,0,2,0,2,2,ONC
WWC1,0,0,2,2,2,TSG
WWTR1,0,2,0,2,2,ONC
XIAP,0,1,1,2,2,ONC/TSG
XPC,0,0,2,2,2,TSG
XRCC1,0,0,2,2,2,TSG
XRCC5,1,0,1,2,1,TSG
YPEL3,0,0,2,2,2,TSG
YTHDF2,0,1,1,2,2,ONC/TSG
ZBTB2,0,2,0,2,2,ONC
ZDHHC5,1,1,0,2,1,ONC
ZFP36L1,0,0,2,2,2,TSG
ZIC5,1,1,0,2,1,ONC
ZMIZ1,0,2,0,2,2,ONC
ZMYND8,0,1,1,2,2,ONC/TSG
ZNF143,0,2,0,2,2,ONC
ZNF366,0,0,2,2,2,TSG
ZNF667,0,2,0,2,2,ONC
ZNF668,0,0,2,2,2,TSG
ZNRF3,0,1,1,2,2,ONC/TSG
ABCC4,0,1,0,1,1,ONC
ABI3,0,0,1,1,1,TSG
ABLIM1,0,0,1,1,1,TSG
ACADL,0,0,1,1,1,TSG
ACADM,0,1,0,1,1,ONC
ACE2,0,0,1,1,1,TSG
ACHE,0,0,1,1,1,TSG
ACIN1,0,1,0,1,1,ONC
ACLY,0,1,0,1,1,ONC
ACOT7,0,0,1,1,1,TSG
ACP1,0,1,0,1,1,ONC
ACRBP,0,1,0,1,1,ONC
ACSL5,0,0,1,1,1,TSG
ACSM3,0,0,1,1,1,TSG
ACTA1,0,0,1,1,1,TSG
ACTN4,0,1,0,1,1,ONC
ACVR1,1,0,0,1,0,DRV
ACVR1C,0,0,1,1,1,TSG
ACVRL1,0,1,0,1,1,ONC
ADAM10,1,0,0,1,0,DRV
ADAM11,0,0,1,1,1,TSG
ADAM12,0,1,0,1,1,ONC
ADAM19,0,0,1,1,1,TSG
ADAM23,0,0,1,1,1,TSG
ADAM33,0,0,1,1,1,TSG
ADAMTS12,0,0,1,1,1,TSG
ADAMTS8,0,0,1,1,1,TSG
ADARB2,0,0,1,1,1,TSG
ADAT2,0,0,1,1,1,TSG
ADCY9,0,1,0,1,1,ONC
ADD2,0,1,0,1,1,ONC
ADGB,0,1,0,1,1,ONC
ADHFE1,0,1,0,1,1,ONC
ADORA1,0,0,1,1,1,TSG
ADPRH,0,0,1,1,1,TSG
AEBP1,0,1,0,1,1,ONC
AFAP1L2,0,1,0,1,1,ONC
AFF3,0,1,0,1,1,ONC
AGFG1,0,0,1,1,1,TSG
AGPS,0,1,0,1,1,ONC
AGTR1,0,0,1,1,1,TSG
AHNAK2,0,1,0,1,1,ONC
AIRE,0,1,0,1,1,ONC
AK4,1,0,0,1,0,DRV
AKR1B10,0,1,0,1,1,ONC
AKR1C1,1,0,0,1,0,DRV
AKR7A3,0,0,1,1,1,TSG
ALCAM,0,1,0,1,1,ONC
ALG1,0,1,0,1,1,ONC
ALG2,0,0,1,1,1,TSG
ALKBH3,0,0,1,1,1,TSG
ALLC,1,0,0,1,0,DRV
ALPK1,1,0,0,1,0,DRV
ALPP,0,1,0,1,1,ONC
ALX4,0,0,1,1,1,TSG
ALYREF,0,1,0,1,1,ONC
AMBN,0,0,1,1,1,TSG
AMH,0,0,1,1,1,TSG
ANAPC11,0,1,0,1,1,ONC
ANGPT1,0,0,1,1,1,TSG
ANGPTL1,0,0,1,1,1,TSG
ANKDD1A,0,0,1,1,1,TSG
ANKH,0,1,0,1,1,ONC
ANKHD1,0,1,0,1,1,ONC
ANKRD11,0,0,1,1,1,TSG
ANKRD18A,0,1,0,1,1,ONC
ANKRD36B,0,0,1,1,1,TSG
ANKRD49,0,1,0,1,1,ONC
ANLN,0,1,0,1,1,ONC
ANP32B,0,1,0,1,1,ONC
ANP32D,0,1,0,1,1,ONC
ANPEP,0,1,0,1,1,ONC
ANXA11,0,1,0,1,1,ONC
ANXA3,0,1,0,1,1,ONC
ANXA9,0,0,1,1,1,TSG
APOA1,0,1,0,1,1,ONC
APOC2,0,0,1,1,1,TSG
APPBP2,0,1,0,1,1,ONC
AQP3,0,1,0,1,1,ONC
AQP5,0,1,0,1,1,ONC
AQP7,0,1,0,1,1,ONC
ARAP3,0,1,0,1,1,ONC
ARF6,0,1,0,1,1,ONC
ARHGAP30,0,0,1,1,1,TSG
ARHGAP44,0,0,1,1,1,TSG
ARHGDIB,0,1,0,1,1,ONC
ARHGEF10,0,0,1,1,1,TSG
ARHGEF11,0,1,0,1,1,ONC
ARHGEF4,0,1,0,1,1,ONC
ARID3A,0,1,0,1,1,ONC
ARID3B,0,1,0,1,1,ONC
ARL6IP5,0,0,1,1,1,TSG
ARNT2,0,0,1,1,1,TSG
ARNTL2,1,0,0,1,0,DRV
ARPC1A,0,1,0,1,1,ONC
ARPC2,0,1,0,1,1,ONC
ARSB,0,0,1,1,1,TSG
ASAH1,0,1,0,1,1,ONC
ASAP1,0,1,0,1,1,ONC
ASAP3,0,1,0,1,1,ONC
ASF1A,0,1,0,1,1,ONC
ASPM,1,0,0,1,0,DRV
ASXL2,0,0,1,1,1,TSG
ATE1,1,0,0,1,0,DRV
ATF5,0,1,0,1,1,ONC
ATF7,0,0,1,1,1,TSG
ATG2B,1,0,0,1,0,DRV
ATG4B,0,1,0,1,1,ONC
ATG5,0,0,1,1,1,TSG
ATG7,1,0,0,1,0,DRV
ATOH8,0,1,0,1,1,ONC
ATP1B3,0,1,0,1,1,ONC
ATP2B2,1,0,0,1,0,DRV
ATXN2,1,0,0,1,0,DRV
AVP,0,1,0,1,1,ONC
AZIN1,0,1,0,1,1,ONC
B3GAT3,0,1,0,1,1,ONC
B3GNT3,0,1,0,1,1,ONC
B3GNT9,1,0,0,1,0,DRV
B4GALNT3,0,0,1,1,1,TSG
B9D1,0,0,1,1,1,TSG
BANK1,0,0,1,1,1,TSG
BARX2,0,0,1,1,1,TSG
BATF,0,1,0,1,1,ONC
BCAM,0,0,1,1,1,TSG
BCAN,0,1,0,1,1,ONC
BCAS1,0,1,0,1,1,ONC
BCCIP,0,1,0,1,1,ONC
BCKDHB,0,0,1,1,1,TSG
BCL2L10,0,1,0,1,1,ONC
BCL2L12,0,1,0,1,1,ONC
BCO2,0,0,1,1,1,TSG
BDH2,0,0,1,1,1,TSG
BHLHA15,0,0,1,1,1,TSG
BHLHE22,0,1,0,1,1,ONC
BHLHE40,0,0,1,1,1,TSG
BIRC6,0,1,0,1,1,ONC
BLM,0,1,0,1,1,ONC
BMF,0,0,1,1,1,TSG
BMP6,0,0,1,1,1,TSG
BMPR1A,0,0,1,1,1,TSG
BMX,0,1,0,1,1,ONC
BNC1,0,0,1,1,1,TSG
BOK,0,0,1,1,1,TSG
BOLL,0,1,0,1,1,ONC
BPIFA1,0,1,0,1,1,ONC
BPIFB1,0,0,1,1,1,TSG
BRCC3,0,1,0,1,1,ONC
BRIX1,0,0,1,1,1,TSG
BRMS1,0,0,1,1,1,TSG
BRMS1L,0,1,0,1,1,ONC
BRSK1,0,0,1,1,1,TSG
BTG4,0,0,1,1,1,TSG
BUB1,0,1,0,1,1,ONC
BUB1B,0,0,1,1,1,TSG
C10orf90,0,1,0,1,1,ONC
C1GALT1,0,1,0,1,1,ONC
C1QTNF1,0,1,0,1,1,ONC
C1QTNF8,0,1,0,1,1,ONC
C1orf87,0,1,0,1,1,ONC
C3orf52,0,0,1,1,1,TSG
C4orf3,1,0,0,1,0,DRV
C5AR1,1,0,0,1,0,DRV
C8orf76,0,1,0,1,1,ONC
CA1,0,1,0,1,1,ONC
CA8,0,1,0,1,1,ONC
CAB39L,0,0,1,1,1,TSG
CABYR,0,1,0,1,1,ONC
CACNA1D,0,1,0,1,1,ONC
CAD,0,0,1,1,1,TSG
CADM2,0,0,1,1,1,TSG
CALB1,0,1,0,1,1,ONC
CALCOCO2,1,0,0,1,0,DRV
CALM1,0,1,0,1,1,ONC
CALML3,0,1,0,1,1,ONC
CAP1,0,1,0,1,1,ONC
CAPN2,0,1,0,1,1,ONC
CAPN6,0,0,1,1,1,TSG
CAPN9,0,0,1,1,1,TSG
CAPS,0,1,0,1,1,ONC
CARD8,0,0,1,1,1,TSG
CASP1,0,0,1,1,1,TSG
CASP9,0,1,0,1,1,ONC
CAST,0,1,0,1,1,ONC
CBFA2T2,0,0,1,1,1,TSG
CBS,0,1,0,1,1,ONC
CBX3,0,1,0,1,1,ONC
CBX6,0,0,1,1,1,TSG
CCAR1,0,1,0,1,1,ONC
CCDC136,0,0,1,1,1,TSG
CCDC54,0,1,0,1,1,ONC
CCDC88A,0,1,0,1,1,ONC
CCL20,0,1,0,1,1,ONC
CCL26,0,1,0,1,1,ONC
CCL8,1,0,0,1,0,DRV
CCNB1,0,1,0,1,1,ONC
CCNK,0,1,0,1,1,ONC
CCPG1,0,1,0,1,1,ONC
CCR6,1,0,0,1,0,DRV
CCR9,0,1,0,1,1,ONC
CCRL2,0,0,1,1,1,TSG
CCS,1,0,0,1,0,DRV
CD109,0,1,0,1,1,ONC
CD163,0,1,0,1,1,ONC
CD164,0,0,1,1,1,TSG
CD1A,0,1,0,1,1,ONC
CD1D,0,0,1,1,1,TSG
CD276,0,1,0,1,1,ONC
CD46,0,1,0,1,1,ONC
CD47,1,0,0,1,0,DRV
CD5,0,0,1,1,1,TSG
CD55,0,1,0,1,1,ONC
CD58,0,0,1,1,1,TSG
CD68,1,0,0,1,0,DRV
CD81,0,0,1,1,1,TSG
CD86,1,0,0,1,0,DRV
CDC27,1,0,0,1,0,DRV
CDC45,0,1,0,1,1,ONC
CDH6,0,0,1,1,1,TSG
CDHR2,0,0,1,1,1,TSG
CDK19,0,1,0,1,1,ONC
CDYL,0,1,0,1,1,ONC
CEACAM19,0,1,0,1,1,ONC
CEBPE,0,1,0,1,1,ONC
CELF6,0,0,1,1,1,TSG
CEND1,1,0,0,1,0,DRV
CENPA,0,1,0,1,1,ONC
CENPK,0,1,0,1,1,ONC
CEP72,0,1,0,1,1,ONC
CFH,0,1,0,1,1,ONC
CHAF1A,0,1,0,1,1,ONC
CHD7,1,0,0,1,0,DRV
CHIC2,1,0,0,1,0,DRV
CHKA,0,1,0,1,1,ONC
CHMP4B,0,1,0,1,1,ONC
CHORDC1,1,0,0,1,0,DRV
CHRDL2,0,1,0,1,1,ONC
CHRM3,0,1,0,1,1,ONC
CIDEB,0,1,0,1,1,ONC
CISH,0,1,0,1,1,ONC
CIT,0,1,0,1,1,ONC
CITED2,0,0,1,1,1,TSG
CKS1B,0,1,0,1,1,ONC
CKS2,0,1,0,1,1,ONC
CLCA4,0,0,1,1,1,TSG
CLCN3,0,1,0,1,1,ONC
CLCN4,1,0,0,1,0,DRV
CLDN23,0,0,1,1,1,TSG
CLDN4,0,1,0,1,1,ONC
CLEC18B,0,1,0,1,1,ONC
CLEC4M,0,1,0,1,1,ONC
CLIC1,0,1,0,1,1,ONC
CLK1,0,1,0,1,1,ONC
CLPTM1L,0,1,0,1,1,ONC
CMPK1,0,1,0,1,1,ONC
CNKSR1,0,1,0,1,1,ONC
CNOT7,0,0,1,1,1,TSG
CNR1,0,0,1,1,1,TSG
CNR2,0,1,0,1,1,ONC
CNTN2,0,0,1,1,1,TSG
COLQ,0,1,0,1,1,ONC
COMMD10,0,0,1,1,1,TSG
COPB2,0,1,0,1,1,ONC
COPZ1,0,1,0,1,1,ONC
CORO1C,0,1,0,1,1,ONC
COTL1,0,1,0,1,1,ONC
COX4I1,0,1,0,1,1,ONC
CPA4,0,1,0,1,1,ONC
CPEB2,0,0,1,1,1,TSG
CPM,1,0,0,1,0,DRV
CPNE3,0,1,0,1,1,ONC
CPPED1,0,0,1,1,1,TSG
CPSF4,0,1,0,1,1,ONC
CPT1A,1,0,0,1,0,DRV
CR1,0,0,1,1,1,TSG
CRABP1,0,0,1,1,1,TSG
CRCT1,0,0,1,1,1,TSG
CREB3L1,0,0,1,1,1,TSG
CRH,0,1,0,1,1,ONC
CRMP1,0,0,1,1,1,TSG
CSDE1,0,1,0,1,1,ONC
CSNK2A1,0,1,0,1,1,ONC
CSPP1,0,1,0,1,1,ONC
CSRP1,0,0,1,1,1,TSG
CST1,0,1,0,1,1,ONC
CST3,0,1,0,1,1,ONC
CSTB,0,1,0,1,1,ONC
CTNNBIP1,1,0,0,1,0,DRV
CTSD,0,1,0,1,1,ONC
CTSH,0,1,0,1,1,ONC
CTSK,0,1,0,1,1,ONC
CTSZ,0,1,0,1,1,ONC
CUL2,0,1,0,1,1,ONC
CUL5,0,0,1,1,1,TSG
CUX2,0,1,0,1,1,ONC
CWC27,0,1,0,1,1,ONC
CXCL11,0,0,1,1,1,TSG
CXCL17,0,1,0,1,1,ONC
CXCL3,0,1,0,1,1,ONC
CXCR1,0,1,0,1,1,ONC
CXCR3,1,0,0,1,0,DRV
CXXC1,0,1,0,1,1,ONC
CXXC5,0,1,0,1,1,ONC
CYB5D2,0,0,1,1,1,TSG
CYB5R2,0,0,1,1,1,TSG
CYP1A1,0,1,0,1,1,ONC
CYP1B1,1,0,0,1,0,DRV
CYP2D6,0,0,1,1,1,TSG
CYP2E1,0,0,1,1,1,TSG
CYP3A5,0,0,1,1,1,TSG
CYP4V2,0,1,0,1,1,ONC
D2HGDH,1,0,0,1,0,DRV
DAAM1,0,1,0,1,1,ONC
DAB1,0,0,1,1,1,TSG
DAPK3,0,0,1,1,1,TSG
DAXX,0,1,0,1,1,ONC
DAZAP1,0,1,0,1,1,ONC
DBH,0,1,0,1,1,ONC
DBN1,0,1,0,1,1,ONC
DCAF6,0,0,1,1,1,TSG
DCLK1,0,0,1,1,1,TSG
DCLK3,0,1,0,1,1,ONC
DDB1,0,1,0,1,1,ONC
DDHD2,0,1,0,1,1,ONC
DDRGK1,0,0,1,1,1,TSG
DDT,0,1,0,1,1,ONC
DDX10,0,1,0,1,1,ONC
DDX23,0,1,0,1,1,ONC
DEFB4A,0,1,0,1,1,ONC
DFFA,0,1,0,1,1,ONC
DGCR8,0,1,0,1,1,ONC
DGKB,0,1,0,1,1,ONC
DGKG,0,0,1,1,1,TSG
DGKZ,0,1,0,1,1,ONC
DHH,0,1,0,1,1,ONC
DHRS7,0,0,1,1,1,TSG
DHX15,0,0,1,1,1,TSG
DIDO1,0,0,1,1,1,TSG
DIMT1,0,1,0,1,1,ONC
DKK4,0,1,0,1,1,ONC
DLG5,0,0,1,1,1,TSG
DLL3,0,1,0,1,1,ONC
DLST,1,0,0,1,0,DRV
DLX1,0,1,0,1,1,ONC
DMGDH,0,1,0,1,1,ONC
DMKN,0,1,0,1,1,ONC
DNAH5,0,1,0,1,1,ONC
DNAJB6,0,1,0,1,1,ONC
DNAJC11,0,0,1,1,1,TSG
DNAJC2,0,0,1,1,1,TSG
DNAJC25,0,0,1,1,1,TSG
DNALI1,0,0,1,1,1,TSG
DND1,0,0,1,1,1,TSG
DNM2,0,1,0,1,1,ONC
DNTTIP1,0,1,0,1,1,ONC
DOC2A,0,0,1,1,1,TSG
DOC2B,0,0,1,1,1,TSG
DOK6,0,1,0,1,1,ONC
DPH3,0,0,1,1,1,TSG
DRAM2,0,1,0,1,1,ONC
DRD1,0,0,1,1,1,TSG
DROSHA,0,0,1,1,1,TSG
DSC2,0,0,1,1,1,TSG
DSCAM,0,1,0,1,1,ONC
DSN1,1,0,0,1,0,DRV
DST,1,0,0,1,0,DRV
DTNB,0,0,1,1,1,TSG
DTWD1,0,0,1,1,1,TSG
DTX3L,0,0,1,1,1,TSG
DTYMK,0,1,0,1,1,ONC
DUOX1,0,0,1,1,1,TSG
DUSP10,0,0,1,1,1,TSG
DUSP2,0,0,1,1,1,TSG
DUSP8,0,1,0,1,1,ONC
DYNC1H1,1,0,0,1,0,DRV
E2F4,0,1,0,1,1,ONC
E2F7,0,1,0,1,1,ONC
EBF1,1,0,0,1,0,DRV
EBP,0,0,1,1,1,TSG
EDA2R,0,0,1,1,1,TSG
EDAR,0,0,1,1,1,TSG
EDIL3,1,0,0,1,0,DRV
EED,0,0,1,1,1,TSG
EEF1A1,0,1,0,1,1,ONC
EEF1D,0,1,0,1,1,ONC
EEF1E1,0,0,1,1,1,TSG
EFEMP2,0,1,0,1,1,ONC
EFNA3,0,0,1,1,1,TSG
EGR4,0,1,0,1,1,ONC
EHMT1,0,0,1,1,1,TSG
EIF3A,0,1,0,1,1,ONC
EIF3F,0,0,1,1,1,TSG
EIF3H,0,1,0,1,1,ONC
EIF3I,0,1,0,1,1,ONC
EIF4A1,0,1,0,1,1,ONC
EIF4B,0,1,0,1,1,ONC
EIF4G1,0,1,0,1,1,ONC
ELAVL4,0,1,0,1,1,ONC
ELFN2,0,1,0,1,1,ONC
ELL,0,0,1,1,1,TSG
ELMO3,0,1,0,1,1,ONC
ELN,1,0,0,1,0,DRV
ELOVL6,0,1,0,1,1,ONC
ENG,1,0,0,1,0,DRV
ENKUR,0,0,1,1,1,TSG
ENSA,0,1,0,1,1,ONC
EPAS1,1,0,0,1,0,DRV
EPB41L1,0,0,1,1,1,TSG
EPB41L2,0,1,0,1,1,ONC
EPG5,0,0,1,1,1,TSG
EPHA4,0,0,1,1,1,TSG
EPHA8,0,1,0,1,1,ONC
EPHB1,0,0,1,1,1,TSG
EPHX2,0,0,1,1,1,TSG
EPS8L3,0,1,0,1,1,ONC
ERCC1,0,1,0,1,1,ONC
ERCC2,0,1,0,1,1,ONC
ERCC6,0,0,1,1,1,TSG
ERCC6L,0,1,0,1,1,ONC
ERCC8,0,1,0,1,1,ONC
ERLIN2,0,1,0,1,1,ONC
ERN1,0,1,0,1,1,ONC
ERV3-1,0,0,1,1,1,TSG
ESPN,0,1,0,1,1,ONC
ESRRA,0,1,0,1,1,ONC
ETF1,0,0,1,1,1,TSG
ETV3,0,0,1,1,1,TSG
ETV5,0,1,0,1,1,ONC
EVI5,0,1,0,1,1,ONC
EXD3,0,1,0,1,1,ONC
EXOC7,0,1,0,1,1,ONC
EXOSC1,0,0,1,1,1,TSG
EXOSC4,0,1,0,1,1,ONC
F3,1,0,0,1,0,DRV
F7,1,0,0,1,0,DRV
FABP1,0,0,1,1,1,TSG
FABP5,1,0,0,1,0,DRV
FABP7,0,0,1,1,1,TSG
FADD,0,1,0,1,1,ONC
FAF1,0,0,1,1,1,TSG
FAM163A,0,1,0,1,1,ONC
FAM172A,0,0,1,1,1,TSG
FAM3C,0,1,0,1,1,ONC
FAM83F,0,1,0,1,1,ONC
FANCA,0,1,0,1,1,ONC
FANCD2,1,0,0,1,0,DRV
FANCM,0,0,1,1,1,TSG
FAP,0,1,0,1,1,ONC
FBLN1,0,0,1,1,1,TSG
FBLN5,0,0,1,1,1,TSG
FBN2,1,0,0,1,0,DRV
FBXL18,0,1,0,1,1,ONC
FBXL5,0,1,0,1,1,ONC
FBXL7,0,0,1,1,1,TSG
FBXO16,0,0,1,1,1,TSG
FBXO22,0,1,0,1,1,ONC
FBXO28,0,1,0,1,1,ONC
FBXO9,0,1,0,1,1,ONC
FBXW12,0,0,1,1,1,TSG
FBXW2,0,0,1,1,1,TSG
FBXW4,0,0,1,1,1,TSG
FDPS,0,1,0,1,1,ONC
FECH,0,0,1,1,1,TSG
FER,0,1,0,1,1,ONC
FEZF2,0,0,1,1,1,TSG
FGF13,1,0,0,1,0,DRV
FGF23,0,1,0,1,1,ONC
FGL1,0,0,1,1,1,TSG
FIGN,1,0,0,1,0,DRV
FKBP14,0,1,0,1,1,ONC
FLNC,0,0,1,1,1,TSG
FLVCR2,0,1,0,1,1,ONC
FMN2,0,1,0,1,1,ONC
FMNL2,0,1,0,1,1,ONC
FMNL3,0,1,0,1,1,ONC
FMO2,0,0,1,1,1,TSG
FNDC1,0,1,0,1,1,ONC
FNIP1,0,0,1,1,1,TSG
FNIP2,0,0,1,1,1,TSG
FOXE1,0,0,1,1,1,TSG
FOXJ1,0,0,1,1,1,TSG
FOXN1,0,0,1,1,1,TSG
FOXP4,0,1,0,1,1,ONC
FPR2,0,1,0,1,1,ONC
FRMD6,0,0,1,1,1,TSG
FRMPD1,0,0,1,1,1,TSG
FSHR,0,1,0,1,1,ONC
FSIP1,0,1,0,1,1,ONC
FST,0,1,0,1,1,ONC
FSTL3,0,1,0,1,1,ONC
FTCD,0,0,1,1,1,TSG
FTH1,0,1,0,1,1,ONC
FXN,0,0,1,1,1,TSG
FZD10,0,1,0,1,1,ONC
FZD2,1,0,0,1,0,DRV
FZD6,1,0,0,1,0,DRV
FZD8,0,1,0,1,1,ONC
G0S2,0,0,1,1,1,TSG
GAB1,0,1,0,1,1,ONC
GABARAPL1,0,0,1,1,1,TSG
GABRQ,0,1,0,1,1,ONC
GAD1,0,1,0,1,1,ONC
GALNT1,1,0,0,1,0,DRV
GALNT3,0,1,0,1,1,ONC
GALNT5,0,1,0,1,1,ONC
GALNT6,0,1,0,1,1,ONC
GALNT7,0,1,0,1,1,ONC
GART,0,1,0,1,1,ONC
GATAD1,1,0,0,1,0,DRV
GBA,0,1,0,1,1,ONC
GCA,0,1,0,1,1,ONC
GCG,0,1,0,1,1,ONC
GCNT3,1,0,0,1,0,DRV
GCNT4,0,1,0,1,1,ONC
GDF6,0,1,0,1,1,ONC
GDI2,0,0,1,1,1,TSG
GEN1,0,0,1,1,1,TSG
GGA1,0,1,0,1,1,ONC
GGH,0,0,1,1,1,TSG
GGT1,0,1,0,1,1,ONC
GHR,0,1,0,1,1,ONC
GINS2,0,1,0,1,1,ONC
GINS4,0,1,0,1,1,ONC
GIP,0,1,0,1,1,ONC
GIPC1,0,0,1,1,1,TSG
GIT1,0,1,0,1,1,ONC
GJA3,0,1,0,1,1,ONC
GJB3,0,0,1,1,1,TSG
GKN2,0,0,1,1,1,TSG
GLA,0,1,0,1,1,ONC
GLCE,0,1,0,1,1,ONC
GLUL,0,1,0,1,1,ONC
GMDS,1,0,0,1,0,DRV
GMPR,1,0,0,1,0,DRV
GMPS,0,1,0,1,1,ONC
GNA14,0,1,0,1,1,ONC
GNG11,0,0,1,1,1,TSG
GNL3,0,1,0,1,1,ONC
GNPTAB,0,1,0,1,1,ONC
GNRHR,0,0,1,1,1,TSG
GOLGA2,0,0,1,1,1,TSG
GOLIM4,0,1,0,1,1,ONC
GOT1,0,1,0,1,1,ONC
GOT2,0,1,0,1,1,ONC
GP2,0,1,0,1,1,ONC
GPAA1,0,1,0,1,1,ONC
GPC1,0,1,0,1,1,ONC
GPD1,0,0,1,1,1,TSG
GPI,0,1,0,1,1,ONC
GPLD1,1,0,0,1,0,DRV
GPR35,0,1,0,1,1,ONC
GPR68,0,0,1,1,1,TSG
GPS1,0,0,1,1,1,TSG
GPT2,1,0,0,1,0,DRV
GPX2,0,1,0,1,1,ONC
GRIK3,0,1,0,1,1,ONC
GRINA,0,1,0,1,1,ONC
GRM3,0,1,0,1,1,ONC
GRM4,0,0,1,1,1,TSG
GSDMA,0,0,1,1,1,TSG
GSK3A,0,1,0,1,1,ONC
GSK3B,0,1,0,1,1,ONC
GSX2,0,0,1,1,1,TSG
GTF2IRD1,1,0,0,1,0,DRV
GXYLT2,0,0,1,1,1,TSG
HAT1,0,1,0,1,1,ONC
HBB,0,1,0,1,1,ONC
HCFC1,0,0,1,1,1,TSG
HCFC1R1,0,1,0,1,1,ONC
HCK,0,1,0,1,1,ONC
HDAC11,0,0,1,1,1,TSG
HDAC5,0,0,1,1,1,TSG
HDAC7,0,1,0,1,1,ONC
HDAC8,1,0,0,1,0,DRV
HELZ,0,0,1,1,1,TSG
HES3,0,0,1,1,1,TSG
HEXA,0,0,1,1,1,TSG
HEY1,0,1,0,1,1,ONC
HGD,0,0,1,1,1,TSG
HGS,0,1,0,1,1,ONC
HHATL,0,0,1,1,1,TSG
HHIP,0,1,0,1,1,ONC
HIF1AN,0,0,1,1,1,TSG
HINT2,0,0,1,1,1,TSG
HK3,1,0,0,1,0,DRV
HLA-B,0,1,0,1,1,ONC
HLA-F,0,1,0,1,1,ONC
HLA-G,0,1,0,1,1,ONC
HLTF,0,0,1,1,1,TSG
HLX,0,0,1,1,1,TSG
HMGN2,0,1,0,1,1,ONC
HNF4G,0,1,0,1,1,ONC
HNRNPL,0,1,0,1,1,ONC
HOMER1,0,1,0,1,1,ONC
HORMAD1,0,1,0,1,1,ONC
HOXA3,0,1,0,1,1,ONC
HOXB1,0,0,1,1,1,TSG
HOXB7,0,1,0,1,1,ONC
HOXB9,0,0,1,1,1,TSG
HOXC10,0,1,0,1,1,ONC
HOXC12,0,0,1,1,1,TSG
HOXC5,0,0,1,1,1,TSG
HOXC9,0,1,0,1,1,ONC
HOXD13,0,0,1,1,1,TSG
HOXD8,0,0,1,1,1,TSG
HPN,0,1,0,1,1,ONC
HRC,0,0,1,1,1,TSG
HSD11B1,0,1,0,1,1,ONC
HSD17B4,0,0,1,1,1,TSG
HSDL2,0,1,0,1,1,ONC
HSF2,0,0,1,1,1,TSG
HSP90AB1,0,1,0,1,1,ONC
HSP90B1,0,1,0,1,1,ONC
HSPA2,0,1,0,1,1,ONC
HSPA5,0,0,1,1,1,TSG
HSPB7,0,0,1,1,1,TSG
HUS1,0,1,0,1,1,ONC
ICK,0,1,0,1,1,ONC
IDS,1,0,0,1,0,DRV
IER3,0,0,1,1,1,TSG
IFI30,0,0,1,1,1,TSG
IFI44L,0,0,1,1,1,TSG
IFI6,0,1,0,1,1,ONC
IFIT2,0,0,1,1,1,TSG
IFIT3,0,0,1,1,1,TSG
IFIT5,0,1,0,1,1,ONC
IFNAR1,0,0,1,1,1,TSG
IFNB1,0,1,0,1,1,ONC
IFNGR1,0,0,1,1,1,TSG
IGF2BP3,0,1,0,1,1,ONC
IGFBP1,0,0,1,1,1,TSG
IGFBP4,0,0,1,1,1,TSG
IK,0,0,1,1,1,TSG
IKZF5,0,1,0,1,1,ONC
IL12B,0,1,0,1,1,ONC
IL23A,1,0,0,1,0,DRV
IL25,0,1,0,1,1,ONC
IL27,0,1,0,1,1,ONC
IL27RA,0,0,1,1,1,TSG
IL31,0,1,0,1,1,ONC
IL37,0,0,1,1,1,TSG
IL4,0,1,0,1,1,ONC
IL6ST,0,0,1,1,1,TSG
IL7,1,0,0,1,0,DRV
ILKAP,0,1,0,1,1,ONC
INCA1,1,0,0,1,0,DRV
INO80C,0,0,1,1,1,TSG
INPP4A,0,0,1,1,1,TSG
INS-IGF2,0,1,0,1,1,ONC
IPO7,0,1,0,1,1,ONC
IQGAP3,0,1,0,1,1,ONC
IQUB,0,1,0,1,1,ONC
IRAK2,0,1,0,1,1,ONC
IRF2,0,1,0,1,1,ONC
IRF7,0,1,0,1,1,ONC
IRS1,0,1,0,1,1,ONC
IRS4,0,1,0,1,1,ONC
IRX4,0,0,1,1,1,TSG
IRX5,0,1,0,1,1,ONC
ISCU,0,1,0,1,1,ONC
ITGA3,0,1,0,1,1,ONC
ITGAM,1,0,0,1,0,DRV
ITGB1,0,1,0,1,1,ONC
ITGB4,0,1,0,1,1,ONC
ITGBL1,0,0,1,1,1,TSG
ITK,1,0,0,1,0,DRV
ITM2B,0,1,0,1,1,ONC
ITPKA,0,1,0,1,1,ONC
ITPKB,0,0,1,1,1,TSG
JARID2,0,0,1,1,1,TSG
JMJD6,0,1,0,1,1,ONC
JPH3,0,0,1,1,1,TSG
JUND,0,1,0,1,1,ONC
JUP,0,0,1,1,1,TSG
KAT6B,0,0,1,1,1,TSG
KAT7,0,1,0,1,1,ONC
KAT8,0,1,0,1,1,ONC
KCNA1,0,1,0,1,1,ONC
KCNA10,1,0,0,1,0,DRV
KCNA3,0,0,1,1,1,TSG
KCNJ2,0,1,0,1,1,ONC
KCNJ3,0,1,0,1,1,ONC
KCNT1,0,1,0,1,1,ONC
KCTD21,0,0,1,1,1,TSG
KDM1B,0,1,0,1,1,ONC
KHDRBS1,0,1,0,1,1,ONC
KHK,1,0,0,1,0,DRV
KHSRP,0,1,0,1,1,ONC
KIAA0100,0,0,1,1,1,TSG
KIAA1549,0,1,0,1,1,ONC
KIF23,0,1,0,1,1,ONC
KIF2C,0,1,0,1,1,ONC
KLF14,0,1,0,1,1,ONC
KLF17,0,0,1,1,1,TSG
KLF7,0,1,0,1,1,ONC
KLHL20,0,0,1,1,1,TSG
KLLN,0,0,1,1,1,TSG
KPNA4,0,1,0,1,1,ONC
KRT13,0,0,1,1,1,TSG
KRT16,0,1,0,1,1,ONC
KRT17,0,1,0,1,1,ONC
KRT5,1,0,0,1,0,DRV
KRT6A,0,1,0,1,1,ONC
LACRT,0,1,0,1,1,ONC
LACTB,0,0,1,1,1,TSG
LANCL1,0,1,0,1,1,ONC
LARP1,0,1,0,1,1,ONC
LARS2,0,1,0,1,1,ONC
LCOR,0,0,1,1,1,TSG
LDLR,0,1,0,1,1,ONC
LDLRAP1,0,0,1,1,1,TSG
LECT2,0,0,1,1,1,TSG
LEFTY2,0,0,1,1,1,TSG
LEO1,0,1,0,1,1,ONC
LGALS1,0,1,0,1,1,ONC
LGALS4,1,0,0,1,0,DRV
LGALSL,0,1,0,1,1,ONC
LHX4,0,1,0,1,1,ONC
LHX8,0,1,0,1,1,ONC
LILRB2,1,0,0,1,0,DRV
LIMK1,0,1,0,1,1,ONC
LIMK2,0,1,0,1,1,ONC
LIN9,1,0,0,1,0,DRV
LMBR1,0,1,0,1,1,ONC
LMNB1,0,0,1,1,1,TSG
LMX1A,0,0,1,1,1,TSG
LMX1B,0,1,0,1,1,ONC
LNX2,0,1,0,1,1,ONC
LOXL1,0,0,1,1,1,TSG
LPAR3,1,0,0,1,0,DRV
LPAR6,0,1,0,1,1,ONC
LRRK2,0,1,0,1,1,ONC
LSP1,1,0,0,1,0,DRV
LSR,1,0,0,1,0,DRV
LTBP1,0,1,0,1,1,ONC
LYAR,1,0,0,1,0,DRV
LYPD4,0,1,0,1,1,ONC
MACROD1,0,1,0,1,1,ONC
MAD2L1,0,1,0,1,1,ONC
MADD,1,0,0,1,0,DRV
MAFF,0,1,0,1,1,ONC
MAGEC2,0,1,0,1,1,ONC
MAL2,0,1,0,1,1,ONC
MAN1C1,0,0,1,1,1,TSG
MAP2,0,0,1,1,1,TSG
MAP2K3,0,0,1,1,1,TSG
MAP3K13,0,1,0,1,1,ONC
MAP3K2,0,0,1,1,1,TSG
MAP3K6,0,1,0,1,1,ONC
MAP4K3,0,0,1,1,1,TSG
MAP9,0,1,0,1,1,ONC
MAPK11,0,1,0,1,1,ONC
MAPK13,0,0,1,1,1,TSG
MAPK3,0,1,0,1,1,ONC
MAPK8IP3,0,1,0,1,1,ONC
MAPKAP1,1,0,0,1,0,DRV
MAPKAPK3,0,1,0,1,1,ONC
MAPKAPK5,0,1,0,1,1,ONC
MARVELD2,0,1,0,1,1,ONC
MAS1,0,1,0,1,1,ONC
MAST1,0,1,0,1,1,ONC
MAT1A,0,1,0,1,1,ONC
MAT2A,0,1,0,1,1,ONC
MBD1,0,0,1,1,1,TSG
MBD2,0,0,1,1,1,TSG
MBD3,0,1,0,1,1,ONC
MBL2,1,0,0,1,0,DRV
MBNL3,0,1,0,1,1,ONC
MCM2,0,1,0,1,1,ONC
MCM3,0,1,0,1,1,ONC
MCM4,1,0,0,1,0,DRV
MCM6,0,0,1,1,1,TSG
ME1,0,1,0,1,1,ONC
MED23,0,1,0,1,1,ONC
MED29,0,1,0,1,1,ONC
MEF2A,0,0,1,1,1,TSG
MEF2B,0,1,0,1,1,ONC
MEGF10,0,0,1,1,1,TSG
MEIS2,1,0,0,1,0,DRV
MFHAS1,0,1,0,1,1,ONC
MFN2,0,0,1,1,1,TSG
MFSD2A,0,0,1,1,1,TSG
MGA,0,0,1,1,1,TSG
MGAT3,0,1,0,1,1,ONC
MIA2,0,0,1,1,1,TSG
MICA,0,1,0,1,1,ONC
MKLN1,1,0,0,1,0,DRV
MKNK2,0,1,0,1,1,ONC
MLF1,0,1,0,1,1,ONC
MMP1,0,1,0,1,1,ONC
MMP10,0,1,0,1,1,ONC
MMP11,0,1,0,1,1,ONC
MMP16,0,1,0,1,1,ONC
MMP24,1,0,0,1,0,DRV
MMP8,0,0,1,1,1,TSG
MMS22L,0,1,0,1,1,ONC
MON1B,0,1,0,1,1,ONC
MORC2,0,1,0,1,1,ONC
MRAS,0,1,0,1,1,ONC
MRO,0,1,0,1,1,ONC
MRPL42,0,1,0,1,1,ONC
MRPL48,0,0,1,1,1,TSG
MS4A3,1,0,0,1,0,DRV
MSH3,0,0,1,1,1,TSG
MSLN,0,1,0,1,1,ONC
MSMB,0,0,1,1,1,TSG
MSR1,0,1,0,1,1,ONC
MSX2,0,1,0,1,1,ONC
MT1F,0,0,1,1,1,TSG
MT1H,0,0,1,1,1,TSG
MT1X,0,0,1,1,1,TSG
MTA2,0,1,0,1,1,ONC
MTFP1,0,0,1,1,1,TSG
MTHFD1L,0,1,0,1,1,ONC
MTMR14,0,1,0,1,1,ONC
MTO1,0,0,1,1,1,TSG
MUC13,0,1,0,1,1,ONC
MUC6,0,0,1,1,1,TSG
MUL1,0,0,1,1,1,TSG
MUTYH,0,1,0,1,1,ONC
MVP,0,0,1,1,1,TSG
MXD1,0,0,1,1,1,TSG
MYCBP2,0,1,0,1,1,ONC
MYCT1,0,0,1,1,1,TSG
MYF5,0,1,0,1,1,ONC
MZB1,0,0,1,1,1,TSG
N4BP2L1,0,1,0,1,1,ONC
NAA10,0,1,0,1,1,ONC
NAB2,0,1,0,1,1,ONC
NAGA,0,0,1,1,1,TSG
NAIF1,0,0,1,1,1,TSG
NAV3,0,0,1,1,1,TSG
NBEAL2,1,0,0,1,0,DRV
NCK1,1,0,0,1,0,DRV
NCOA1,0,1,0,1,1,ONC
NCOA6,0,0,1,1,1,TSG
NDC80,0,1,0,1,1,ONC
NDRG3,0,0,1,1,1,TSG
NDUFA13,0,0,1,1,1,TSG
NDUFA4,0,1,0,1,1,ONC
NEFL,0,0,1,1,1,TSG
NEFM,0,0,1,1,1,TSG
NEK8,0,1,0,1,1,ONC
NEUROG2,0,1,0,1,1,ONC
NFAT5,0,0,1,1,1,TSG
NFATC3,0,0,1,1,1,TSG
NFATC4,0,1,0,1,1,ONC
NFE2L3,0,0,1,1,1,TSG
NFIA,0,1,0,1,1,ONC
NFIC,0,1,0,1,1,ONC
NFKBIA,0,0,1,1,1,TSG
NFKBIB,0,0,1,1,1,TSG
NFKBIE,1,0,0,1,0,DRV
NFYA,0,1,0,1,1,ONC
NFYC,0,1,0,1,1,ONC
NINL,0,1,0,1,1,ONC
NKAIN2,0,0,1,1,1,TSG
NKX3-2,0,1,0,1,1,ONC
NLRC5,0,1,0,1,1,ONC
NLRP6,0,0,1,1,1,TSG
NNAT,0,0,1,1,1,TSG
NNT,0,1,0,1,1,ONC
NOL3,0,0,1,1,1,TSG
NOL4,0,0,1,1,1,TSG
NOP56,0,1,0,1,1,ONC
NOS1,0,1,0,1,1,ONC
NOX1,0,1,0,1,1,ONC
NOX4,0,1,0,1,1,ONC
NPPA,0,0,1,1,1,TSG
NPRL2,0,0,1,1,1,TSG
NR0B1,0,1,0,1,1,ONC
NR2C2,0,1,0,1,1,ONC
NR2F6,1,0,0,1,0,DRV
NR5A1,0,0,1,1,1,TSG
NRL,0,1,0,1,1,ONC
NRN1,0,1,0,1,1,ONC
NRP1,0,0,1,1,1,TSG
NTN4,0,0,1,1,1,TSG
NUCKS1,0,1,0,1,1,ONC
NUDCD1,0,1,0,1,1,ONC
NUDT21,0,1,0,1,1,ONC
NUF2,0,1,0,1,1,ONC
NUP153,0,1,0,1,1,ONC
OBSCN,1,0,0,1,0,DRV
OGG1,0,0,1,1,1,TSG
OLIG2,0,1,0,1,1,ONC
OMD,0,1,0,1,1,ONC
OPN1MW,0,1,0,1,1,ONC
OPRM1,0,1,0,1,1,ONC
OSMR,0,0,1,1,1,TSG
OSTM1,0,1,0,1,1,ONC
P4HB,0,1,0,1,1,ONC
PACS1,0,1,0,1,1,ONC
PADI4,0,0,1,1,1,TSG
PAF1,0,0,1,1,1,TSG
PAFAH1B1,0,1,0,1,1,ONC
PAFAH1B3,1,0,0,1,0,DRV
PAIP2B,0,0,1,1,1,TSG
PAM,0,1,0,1,1,ONC
PAMR1,0,0,1,1,1,TSG
PANX1,0,0,1,1,1,TSG
PANX2,0,0,1,1,1,TSG
PAOX,0,0,1,1,1,TSG
PARP15,0,0,1,1,1,TSG
PARP6,0,0,1,1,1,TSG
PARPBP,0,1,0,1,1,ONC
PASD1,0,1,0,1,1,ONC
PAX7,0,1,0,1,1,ONC
PBLD,0,0,1,1,1,TSG
PCDH20,0,0,1,1,1,TSG
PCDHGB7,0,0,1,1,1,TSG
PCF11,1,0,0,1,0,DRV
PCK1,0,0,1,1,1,TSG
PCLO,0,1,0,1,1,ONC
PCMT1,0,1,0,1,1,ONC
PCSK2,1,0,0,1,0,DRV
PCSK7,0,1,0,1,1,ONC
PDCD1,0,1,0,1,1,ONC
PDE3A,0,1,0,1,1,ONC
PDE4D,0,0,1,1,1,TSG
PDGFRL,0,0,1,1,1,TSG
PDIA6,0,1,0,1,1,ONC
PDK4,0,0,1,1,1,TSG
PDS5B,0,1,0,1,1,ONC
PDXP,0,0,1,1,1,TSG
PDZK1,0,1,0,1,1,ONC
PEAK1,0,1,0,1,1,ONC
PECAM1,0,1,0,1,1,ONC
PER3,0,1,0,1,1,ONC
PERP,0,0,1,1,1,TSG
PFKFB3,0,1,0,1,1,ONC
PFN2,0,1,0,1,1,ONC
PGC,0,0,1,1,1,TSG
PHB2,0,0,1,1,1,TSG
PHF1,0,0,1,1,1,TSG
PHF10,0,0,1,1,1,TSG
PHF13,0,1,0,1,1,ONC
PHF20,0,1,0,1,1,ONC
PHF20L1,0,1,0,1,1,ONC
PHF21B,0,1,0,1,1,ONC
PHF7,0,1,0,1,1,ONC
PHIP,0,0,1,1,1,TSG
PHLPP2,1,0,0,1,0,DRV
PI15,0,1,0,1,1,ONC
PI4K2B,0,0,1,1,1,TSG
PIAS3,0,0,1,1,1,TSG
PIGA,0,1,0,1,1,ONC
PIK3R2,0,1,0,1,1,ONC
PIK3R3,0,0,1,1,1,TSG
PIP,0,1,0,1,1,ONC
PIP4K2A,0,0,1,1,1,TSG
PIWIL2,0,1,0,1,1,ONC
PIWIL3,0,1,0,1,1,ONC
PKD2,0,1,0,1,1,ONC
PKHD1,0,0,1,1,1,TSG
PKHD1L1,0,0,1,1,1,TSG
PKN2,0,0,1,1,1,TSG
PKNOX2,0,0,1,1,1,TSG
PKP3,0,1,0,1,1,ONC
PLA2G7,0,1,0,1,1,ONC
PLCB1,0,0,1,1,1,TSG
PLD2,0,1,0,1,1,ONC
PLEKHA2,0,1,0,1,1,ONC
PLEKHO1,0,0,1,1,1,TSG
PLK3,0,0,1,1,1,TSG
PLOD2,0,1,0,1,1,ONC
PLS3,0,1,0,1,1,ONC
PLXNA3,1,0,0,1,0,DRV
PMM2,1,0,0,1,0,DRV
PMP2,1,0,0,1,0,DRV
PNCK,0,1,0,1,1,ONC
PNO1,0,1,0,1,1,ONC
PNPLA2,1,0,0,1,0,DRV
PNRC1,0,0,1,1,1,TSG
POLDIP2,0,1,0,1,1,ONC
PON1,1,0,0,1,0,DRV
PON3,0,1,0,1,1,ONC
POU1F1,0,1,0,1,1,ONC
POU3F3,0,1,0,1,1,ONC
POU5F1B,0,1,0,1,1,ONC
PPBP,0,1,0,1,1,ONC
PPIA,0,1,0,1,1,ONC
PPM1K,0,1,0,1,1,ONC
PPME1,1,0,0,1,0,DRV
PPP1R14A,0,0,1,1,1,TSG
PPP1R18,0,0,1,1,1,TSG
PPP1R7,0,0,1,1,1,TSG
PPP1R9A,1,0,0,1,0,DRV
PPP1R9B,0,0,1,1,1,TSG
PPP2CA,0,1,0,1,1,ONC
PPP2R2A,0,1,0,1,1,ONC
PPP2R3B,0,0,1,1,1,TSG
PPP3CC,1,0,0,1,0,DRV
PPP4C,0,1,0,1,1,ONC
PPP5C,0,1,0,1,1,ONC
PRB1,0,1,0,1,1,ONC
PRDX2,0,1,0,1,1,ONC
PRDX3,0,0,1,1,1,TSG
PRDX4,1,0,0,1,0,DRV
PRDX6,0,0,1,1,1,TSG
PREX2,1,0,0,1,0,DRV
PRKAA2,0,0,1,1,1,TSG
PRKACA,1,0,0,1,0,DRV
PRKAR2B,0,1,0,1,1,ONC
PRKCD,0,1,0,1,1,ONC
PRKG1,0,0,1,1,1,TSG
PROCR,0,0,1,1,1,TSG
PRPF31,0,0,1,1,1,TSG
PRPF40A,0,1,0,1,1,ONC
PRPF6,1,0,0,1,0,DRV
PRPSAP2,0,1,0,1,1,ONC
PRR14,0,1,0,1,1,ONC
PRR5,0,0,1,1,1,TSG
PRRX1,0,0,1,1,1,TSG
PRSS21,0,0,1,1,1,TSG
PSD,0,0,1,1,1,TSG
PSIP1,0,1,0,1,1,ONC
PSMA7,1,0,0,1,0,DRV
PSMB9,0,1,0,1,1,ONC
PSMC2,0,1,0,1,1,ONC
PSMD14,0,1,0,1,1,ONC
PSME3,0,1,0,1,1,ONC
PTBP2,0,1,0,1,1,ONC
PTBP3,0,1,0,1,1,ONC
PTCHD3,0,0,1,1,1,TSG
PTER,0,0,1,1,1,TSG
PTGES2,1,0,0,1,0,DRV
PTGR1,0,1,0,1,1,ONC
PTH,0,1,0,1,1,ONC
PTMA,0,0,1,1,1,TSG
PTMS,0,0,1,1,1,TSG
PTP4A1,0,1,0,1,1,ONC
PTPN23,0,0,1,1,1,TSG
PTPN4,1,0,0,1,0,DRV
PTPN5,0,0,1,1,1,TSG
PTPRH,0,1,0,1,1,ONC
PTPRS,0,0,1,1,1,TSG
PTS,0,0,1,1,1,TSG
PTX3,0,0,1,1,1,TSG
PUF60,0,1,0,1,1,ONC
PVR,0,1,0,1,1,ONC
PYROXD1,0,1,0,1,1,ONC
PYROXD2,0,0,1,1,1,TSG
QPCT,0,1,0,1,1,ONC
QSOX1,0,0,1,1,1,TSG
RAB17,0,0,1,1,1,TSG
RAB21,0,1,0,1,1,ONC
RAB26,0,1,0,1,1,ONC
RAB27A,0,1,0,1,1,ONC
RAB31,0,1,0,1,1,ONC
RAB5A,0,1,0,1,1,ONC
RAB6B,0,1,0,1,1,ONC
RAB7A,0,1,0,1,1,ONC
RAB8A,0,0,1,1,1,TSG
RAD21,0,1,0,1,1,ONC
RAD23B,0,1,0,1,1,ONC
RAD50,0,0,1,1,1,TSG
RAD51C,0,0,1,1,1,TSG
RAI14,0,1,0,1,1,ONC
RALBP1,0,1,0,1,1,ONC
RALGDS,0,1,0,1,1,ONC
RAMP1,1,0,0,1,0,DRV
RANBP2,0,0,1,1,1,TSG
RANBP6,0,0,1,1,1,TSG
RANBP9,0,0,1,1,1,TSG
RAPH1,0,1,0,1,1,ONC
RASA2,0,0,1,1,1,TSG
RASA3,0,0,1,1,1,TSG
RASD1,0,1,0,1,1,ONC
RASEF,0,0,1,1,1,TSG
RBBP5,0,1,0,1,1,ONC
RBBP7,0,0,1,1,1,TSG
RBFOX3,0,1,0,1,1,ONC
RBM14,0,0,1,1,1,TSG
RBM15,0,1,0,1,1,ONC
RBMS2,0,0,1,1,1,TSG
RCC2,0,1,0,1,1,ONC
RCHY1,0,1,0,1,1,ONC
RD3,1,0,0,1,0,DRV
RDX,0,0,1,1,1,TSG
REC8,0,0,1,1,1,TSG
RECQL4,0,0,1,1,1,TSG
RELN,1,0,0,1,0,DRV
RETN,0,1,0,1,1,ONC
RFC3,0,1,0,1,1,ONC
RGS12,0,0,1,1,1,TSG
RGS20,0,1,0,1,1,ONC
RGS22,0,0,1,1,1,TSG
RGS4,1,0,0,1,0,DRV
RGS6,0,0,1,1,1,TSG
RHBDF1,0,1,0,1,1,ONC
RHEB,0,1,0,1,1,ONC
RHOBTB1,0,0,1,1,1,TSG
RHOF,0,0,1,1,1,TSG
RHOG,0,1,0,1,1,ONC
RHOT1,0,0,1,1,1,TSG
RHOV,0,1,0,1,1,ONC
RLF,0,1,0,1,1,ONC
RNASEL,0,0,1,1,1,TSG
RNASET2,0,0,1,1,1,TSG
RND1,1,0,0,1,0,DRV
RNF126,0,0,1,1,1,TSG
RNF130,0,0,1,1,1,TSG
RNF139,0,0,1,1,1,TSG
RNF144A,0,0,1,1,1,TSG
RNF180,0,0,1,1,1,TSG
RNF2,0,1,0,1,1,ONC
ROR2,0,0,1,1,1,TSG
RP1L1,0,1,0,1,1,ONC
RPIA,0,1,0,1,1,ONC
RPL13,0,1,0,1,1,ONC
RPL34,0,1,0,1,1,ONC
RPL36,0,0,1,1,1,TSG
RPL37A,0,1,0,1,1,ONC
RPL6,0,1,0,1,1,ONC
RPL7A,0,1,0,1,1,ONC
RPN2,0,1,0,1,1,ONC
RPS14,0,0,1,1,1,TSG
RPS15,1,0,0,1,0,DRV
RPS15A,0,1,0,1,1,ONC
RPS27,0,0,1,1,1,TSG
RPS6KA1,0,0,1,1,1,TSG
RPS6KA3,0,1,0,1,1,ONC
RPS6KC1,0,1,0,1,1,ONC
RPS9,0,1,0,1,1,ONC
RRS1,0,1,0,1,1,ONC
RSPO2,0,1,0,1,1,ONC
RSRC2,0,0,1,1,1,TSG
RTKN,0,1,0,1,1,ONC
RTKN2,0,1,0,1,1,ONC
RUFY3,0,1,0,1,1,ONC
RUVBL2,1,0,0,1,0,DRV
RXRA,1,0,0,1,0,DRV
RYK,0,1,0,1,1,ONC
RYR1,0,1,0,1,1,ONC
RYR2,0,0,1,1,1,TSG
S100A1,0,1,0,1,1,ONC
S100A10,0,1,0,1,1,ONC
S100A6,1,0,0,1,0,DRV
S100A7,0,1,0,1,1,ONC
S100A9,0,1,0,1,1,ONC
S100G,0,1,0,1,1,ONC
S100PBP,0,1,0,1,1,ONC
SAFB,0,0,1,1,1,TSG
SALL3,0,0,1,1,1,TSG
SAMHD1,0,0,1,1,1,TSG
SCAF1,0,1,0,1,1,ONC
SCAMP1,0,1,0,1,1,ONC
SCAMP3,0,1,0,1,1,ONC
SCAND1,0,0,1,1,1,TSG
SCD5,1,0,0,1,0,DRV
SCN10A,1,0,0,1,0,DRV
SCN2A,0,0,1,1,1,TSG
SCN5A,0,1,0,1,1,ONC
SCPEP1,0,1,0,1,1,ONC
SDC1,0,1,0,1,1,ONC
SDHA,0,0,1,1,1,TSG
SDHAF1,0,0,1,1,1,TSG
SDHAF2,0,0,1,1,1,TSG
SDHC,0,0,1,1,1,TSG
SEC23A,0,0,1,1,1,TSG
SEC31A,0,1,0,1,1,ONC
SEC61G,0,1,0,1,1,ONC
SEMA3D,0,0,1,1,1,TSG
SEMA3E,0,1,0,1,1,ONC
SERPINA3,0,1,0,1,1,ONC
SERPINI2,0,0,1,1,1,TSG
SERTAD1,0,1,0,1,1,ONC
SERTAD2,0,1,0,1,1,ONC
SETD1B,0,1,0,1,1,ONC
SETD5,0,1,0,1,1,ONC
SETDB2,0,1,0,1,1,ONC
SETX,0,0,1,1,1,TSG
SF1,0,1,0,1,1,ONC
SF3B3,0,1,0,1,1,ONC
SF3B4,0,1,0,1,1,ONC
SGCA,0,1,0,1,1,ONC
SGMS1,0,1,0,1,1,ONC
SGPP1,0,0,1,1,1,TSG
SH2D1A,1,0,0,1,0,DRV
SH3BP2,0,0,1,1,1,TSG
SHARPIN,0,1,0,1,1,ONC
SHBG,0,1,0,1,1,ONC
SHISA3,0,0,1,1,1,TSG
SIAH2,0,0,1,1,1,TSG
SIL1,0,1,0,1,1,ONC
SIRPA,0,0,1,1,1,TSG
SIVA1,0,1,0,1,1,ONC
SIX3,0,0,1,1,1,TSG
SKI,0,1,0,1,1,ONC
SKIL,0,1,0,1,1,ONC
SLC16A1,1,0,0,1,0,DRV
SLC16A2,0,1,0,1,1,ONC
SLC1A2,0,1,0,1,1,ONC
SLC25A22,0,1,0,1,1,ONC
SLC25A3,0,0,1,1,1,TSG
SLC25A43,0,0,1,1,1,TSG
SLC27A3,0,1,0,1,1,ONC
SLC28A1,0,0,1,1,1,TSG
SLC34A2,0,1,0,1,1,ONC
SLC35A4,0,1,0,1,1,ONC
SLC46A1,0,1,0,1,1,ONC
SLC46A2,0,0,1,1,1,TSG
SLC4A7,0,1,0,1,1,ONC
SLC5A1,0,1,0,1,1,ONC
SLC7A1,0,0,1,1,1,TSG
SLC7A11,0,1,0,1,1,ONC
SLC7A5,0,1,0,1,1,ONC
SMAD1,0,0,1,1,1,TSG
SMARCAL1,1,0,0,1,0,DRV
SMARCD2,0,0,1,1,1,TSG
SMC1A,0,1,0,1,1,ONC
SMC2,1,0,0,1,0,DRV
SMC4,0,1,0,1,1,ONC
SMCHD1,0,0,1,1,1,TSG
SMOC2,0,0,1,1,1,TSG
SMPD3,0,0,1,1,1,TSG
SMPDL3A,0,0,1,1,1,TSG
SNAP23,0,1,0,1,1,ONC
SNAP47,0,1,0,1,1,ONC
SNCA,0,1,0,1,1,ONC
SNRPB,0,1,0,1,1,ONC
SNRPD3,0,0,1,1,1,TSG
SNRPE,0,1,0,1,1,ONC
SNX1,0,0,1,1,1,TSG
SNX5,0,1,0,1,1,ONC
SOCS6,0,0,1,1,1,TSG
SOCS7,0,1,0,1,1,ONC
SOD3,0,0,1,1,1,TSG
SORBS1,0,1,0,1,1,ONC
SOX14,0,0,1,1,1,TSG
SOX8,0,1,0,1,1,ONC
SP2,0,0,1,1,1,TSG
SP3,1,0,0,1,0,DRV
SPAG9,0,1,0,1,1,ONC
SPANXA1,0,1,0,1,1,ONC
SPATA18,0,0,1,1,1,TSG
SPC24,0,1,0,1,1,ONC
SPEN,0,0,1,1,1,TSG
SPIC,0,1,0,1,1,ONC
SPIN3,0,0,1,1,1,TSG
SPINT1,0,0,1,1,1,TSG
SPN,1,0,0,1,0,DRV
SPNS1,0,1,0,1,1,ONC
SPRED2,0,0,1,1,1,TSG
SPRR3,0,0,1,1,1,TSG
SPRYD7,0,0,1,1,1,TSG
SPSB1,0,1,0,1,1,ONC
SRI,1,0,0,1,0,DRV
SRM,0,1,0,1,1,ONC
SRPK1,0,1,0,1,1,ONC
SRPK2,0,1,0,1,1,ONC
SRPX,0,0,1,1,1,TSG
SRPX2,0,1,0,1,1,ONC
SRSF7,0,1,0,1,1,ONC
SRXN1,0,1,0,1,1,ONC
SSTR1,0,0,1,1,1,TSG
SSX1,0,1,0,1,1,ONC
SSX2IP,0,1,0,1,1,ONC
ST6GALNAC4,1,0,0,1,0,DRV
ST8SIA4,1,0,0,1,0,DRV
STEAP2,1,0,0,1,0,DRV
STIL,0,1,0,1,1,ONC
STK17A,0,1,0,1,1,ONC
STK35,0,1,0,1,1,ONC
STK38,0,1,0,1,1,ONC
STK38L,0,0,1,1,1,TSG
STK40,0,1,0,1,1,ONC
STOM,0,1,0,1,1,ONC
STRA6,0,1,0,1,1,ONC
STRA8,0,1,0,1,1,ONC
STX11,0,0,1,1,1,TSG
STX3,0,1,0,1,1,ONC
SUB1,0,1,0,1,1,ONC
SULT1E1,0,1,0,1,1,ONC
SUMO1,0,1,0,1,1,ONC
SYNCRIP,0,1,0,1,1,ONC
SYP,0,1,0,1,1,ONC
SYT13,0,0,1,1,1,TSG
TAC1,0,0,1,1,1,TSG
TAF12,0,1,0,1,1,ONC
TAF15,0,1,0,1,1,ONC
TAF1L,0,1,0,1,1,ONC
TAF2,1,0,0,1,0,DRV
TAF4B,0,0,1,1,1,TSG
TAGLN,0,0,1,1,1,TSG
TAX1BP1,1,0,0,1,0,DRV
TAX1BP3,0,1,0,1,1,ONC
TBC1D12,0,1,0,1,1,ONC
TBC1D3B,0,1,0,1,1,ONC
TBCE,1,0,0,1,0,DRV
TBX19,0,1,0,1,1,ONC
TBX4,0,0,1,1,1,TSG
TCF19,0,0,1,1,1,TSG
TCF7,0,0,1,1,1,TSG
TCN1,0,1,0,1,1,ONC
TCOF1,0,0,1,1,1,TSG
TCP1,1,0,0,1,0,DRV
TDG,0,0,1,1,1,TSG
TDO2,1,0,0,1,0,DRV
TET3,0,0,1,1,1,TSG
TFAP2E,0,0,1,1,1,TSG
TFIP11,0,1,0,1,1,ONC
TGFA,0,1,0,1,1,ONC
TGFB1I1,0,1,0,1,1,ONC
TGIF2LX,0,0,1,1,1,TSG
TGM3,0,0,1,1,1,TSG
THOC1,0,1,0,1,1,ONC
THRB,0,0,1,1,1,TSG
TIAF1,0,0,1,1,1,TSG
TIMM17A,0,1,0,1,1,ONC
TIMP1,0,1,0,1,1,ONC
TIMP2,0,0,1,1,1,TSG
TJP2,0,1,0,1,1,ONC
TLK2,0,1,0,1,1,ONC
TLL2,0,1,0,1,1,ONC
TLR1,1,0,0,1,0,DRV
TLR3,1,0,0,1,0,DRV
TLR9,1,0,0,1,0,DRV
TM4SF18,1,0,0,1,0,DRV
TM9SF4,0,1,0,1,1,ONC
TMBIM6,0,1,0,1,1,ONC
TMEM100,0,0,1,1,1,TSG
TMEM115,0,0,1,1,1,TSG
TMEM119,0,1,0,1,1,ONC
TMEM134,0,1,0,1,1,ONC
TMEM14A,0,1,0,1,1,ONC
TMEM196,0,0,1,1,1,TSG
TMEM88,0,0,1,1,1,TSG
TMIGD1,0,0,1,1,1,TSG
TMPRSS11D,0,1,0,1,1,ONC
TMPRSS4,1,0,0,1,0,DRV
TMSB10,0,1,0,1,1,ONC
TMSB4Y,0,0,1,1,1,TSG
TNFRSF10D,0,1,0,1,1,ONC
TNFRSF18,0,0,1,1,1,TSG
TNFRSF1B,0,1,0,1,1,ONC
TNFRSF21,0,1,0,1,1,ONC
TNFRSF6B,0,1,0,1,1,ONC
TNFSF12,0,0,1,1,1,TSG
TNKS,0,1,0,1,1,ONC
TONSL,0,1,0,1,1,ONC
TOP1,0,1,0,1,1,ONC
TOPORS,0,0,1,1,1,TSG
TP53AIP1,0,0,1,1,1,TSG
TP53RK,1,0,0,1,0,DRV
TPM2,0,0,1,1,1,TSG
TPM3,0,1,0,1,1,ONC
TPM4,0,0,1,1,1,TSG
TPTE,0,0,1,1,1,TSG
TRA2B,0,1,0,1,1,ONC
TRAF2,0,1,0,1,1,ONC
TRAF7,1,0,0,1,0,DRV
TRIM2,0,0,1,1,1,TSG
TRIM32,0,1,0,1,1,ONC
TRIM36,0,1,0,1,1,ONC
TRIM37,0,1,0,1,1,ONC
TRIM45,0,0,1,1,1,TSG
TRIM47,0,1,0,1,1,ONC
TRIM50,0,0,1,1,1,TSG
TRIM52,0,1,0,1,1,ONC
TRIM58,1,0,0,1,0,DRV
TRIM66,0,1,0,1,1,ONC
TRIM67,0,0,1,1,1,TSG
TRIM7,0,1,0,1,1,ONC
TRIP10,1,0,0,1,0,DRV
TRIP6,0,1,0,1,1,ONC
TRIT1,0,0,1,1,1,TSG
TRMT12,0,1,0,1,1,ONC
TROAP,0,1,0,1,1,ONC
TRPV4,0,1,0,1,1,ONC
TRPV6,0,1,0,1,1,ONC
TRRAP,0,1,0,1,1,ONC
TSC22D1,0,0,1,1,1,TSG
TSC22D3,0,1,0,1,1,ONC
TSGA10,0,1,0,1,1,ONC
TSHR,0,1,0,1,1,ONC
TSHZ2,0,0,1,1,1,TSG
TSPAN13,0,0,1,1,1,TSG
TSPAN18,0,0,1,1,1,TSG
TSPAN4,0,1,0,1,1,ONC
TSPAN7,0,0,1,1,1,TSG
TSTA3,0,1,0,1,1,ONC
TTC12,0,0,1,1,1,TSG
TTC36,0,0,1,1,1,TSG
TTC4,0,0,1,1,1,TSG
TTR,0,0,1,1,1,TSG
TUT1,0,0,1,1,1,TSG
TXNDC5,0,1,0,1,1,ONC
TXNDC9,0,1,0,1,1,ONC
TXNRD1,1,0,0,1,0,DRV
TYMP,1,0,0,1,0,DRV
UBA7,0,0,1,1,1,TSG
UBB,0,1,0,1,1,ONC
UBE2I,0,0,1,1,1,TSG
UBE2K,0,1,0,1,1,ONC
UBQLN1,0,0,1,1,1,TSG
UBQLN4,0,0,1,1,1,TSG
UBTF,0,1,0,1,1,ONC
UCHL3,1,0,0,1,0,DRV
UFM1,0,0,1,1,1,TSG
UNC93A,0,0,1,1,1,TSG
UPP1,0,1,0,1,1,ONC
URGCP,0,1,0,1,1,ONC
USE1,0,1,0,1,1,ONC
USH2A,0,0,1,1,1,TSG
USP1,0,1,0,1,1,ONC
USP33,0,0,1,1,1,TSG
USP36,0,1,0,1,1,ONC
USP44,0,0,1,1,1,TSG
USP46,0,0,1,1,1,TSG
USP49,0,0,1,1,1,TSG
USP8,0,1,0,1,1,ONC
UVRAG,0,0,1,1,1,TSG
UXT,0,1,0,1,1,ONC
VANGL2,0,0,1,1,1,TSG
VAPA,0,1,0,1,1,ONC
VASH1,0,0,1,1,1,TSG
VAV2,0,1,0,1,1,ONC
VCL,1,0,0,1,0,DRV
VCX,0,1,0,1,1,ONC
VEGFB,0,1,0,1,1,ONC
VEZT,0,0,1,1,1,TSG
VGLL3,0,0,1,1,1,TSG
VIP,0,1,0,1,1,ONC
VIPR2,0,1,0,1,1,ONC
VLDLR,0,0,1,1,1,TSG
VPS37A,0,0,1,1,1,TSG
VPS52,0,0,1,1,1,TSG
VTN,0,1,0,1,1,ONC
VWA2,0,1,0,1,1,ONC
VWCE,0,1,0,1,1,ONC
VWF,0,1,0,1,1,ONC
WAS,0,0,1,1,1,TSG
WDR1,0,1,0,1,1,ONC
WDR12,0,1,0,1,1,ONC
WDR66,0,1,0,1,1,ONC
WDR76,0,0,1,1,1,TSG
WFDC1,0,0,1,1,1,TSG
WLS,0,1,0,1,1,ONC
WNT11,0,0,1,1,1,TSG
WNT4,0,0,1,1,1,TSG
WNT5B,0,0,1,1,1,TSG
WTIP,0,0,1,1,1,TSG
XPO5,0,1,0,1,1,ONC
XRCC6,0,0,1,1,1,TSG
XRN1,0,0,1,1,1,TSG
YME1L1,0,0,1,1,1,TSG
YOD1,0,1,0,1,1,ONC
YTHDC1,0,0,1,1,1,TSG
ZAP70,0,1,0,1,1,ONC
ZAR1,0,0,1,1,1,TSG
ZBTB17,0,1,0,1,1,ONC
ZBTB4,0,0,1,1,1,TSG
ZBTB7B,0,1,0,1,1,ONC
ZC3H12A,0,0,1,1,1,TSG
ZC3H12D,0,0,1,1,1,TSG
ZCCHC10,0,0,1,1,1,TSG
ZCCHC12,0,1,0,1,1,ONC
ZCCHC13,0,1,0,1,1,ONC
ZDHHC3,0,0,1,1,1,TSG
ZFAND4,0,1,0,1,1,ONC
ZFP57,0,0,1,1,1,TSG
ZHX1,0,1,0,1,1,ONC
ZIM2,0,0,1,1,1,TSG
ZMYM2,1,0,0,1,0,DRV
ZNF121,0,1,0,1,1,ONC
ZNF132,0,0,1,1,1,TSG
ZNF148,0,1,0,1,1,ONC
ZNF185,0,0,1,1,1,TSG
ZNF208,0,0,1,1,1,TSG
ZNF224,0,1,0,1,1,ONC
ZNF267,0,1,0,1,1,ONC
ZNF276,0,0,1,1,1,TSG
ZNF280A,0,0,1,1,1,TSG
ZNF326,0,1,0,1,1,ONC
ZNF331,0,0,1,1,1,TSG
ZNF384,0,1,0,1,1,ONC
ZNF395,0,0,1,1,1,TSG
ZNF433,1,0,0,1,0,DRV
ZNF471,0,0,1,1,1,TSG
ZNF488,0,1,0,1,1,ONC
ZNF516,0,0,1,1,1,TSG
ZNF521,0,1,0,1,1,ONC
ZNF569,0,0,1,1,1,TSG
ZNF582,0,0,1,1,1,TSG
ZNF677,0,0,1,1,1,TSG
ZNF70,0,0,1,1,1,TSG
ZNFX1,0,0,1,1,1,TSG
ZSCAN18,0,0,1,1,1,TSG
ZSCAN22,1,0,0,1,0,DRV
ZSWIM5,0,0,1,1,1,TSG
